catalogs/nirspao sources.ecsv
# %ECSV 1.0
# ---
# datatype:
# - {name: HC2000, datatype: int64}
# - {name: m_HC2000, datatype: string}
# - {name: RAJ2000, unit: deg, datatype: float64}
# - {name: DEJ2000, unit: deg, datatype: float64}
# - {name: _RAJ2000, datatype: string}
# - {name: _DEJ2000, datatype: string}
# - {name: obs_date, datatype: string}
# - {name: itime, unit: s, datatype: float64}
# - {name: sci_frames, datatype: string}
# - {name: tel_frames, datatype: string}
# - {name: teff, unit: K, datatype: float64}
# - {name: e_teff, unit: K, datatype: float64}
# - {name: vsini, unit: km / s, datatype: float64}
# - {name: e_vsini, unit: km / s, datatype: float64}
# - {name: rv, unit: km / s, datatype: float64}
# - {name: rv_helio, unit: km / s, datatype: float64}
# - {name: e_rv, unit: km / s, datatype: float64}
# - {name: airmass, datatype: float64}
# - {name: e_airmass, datatype: float64}
# - {name: pwv, datatype: float64}
# - {name: e_pwv, datatype: float64}
# - {name: veiling, datatype: float64}
# - {name: e_veiling, datatype: float64}
# - {name: veiling_param_O32, datatype: float64}
# - {name: veiling_param_O33, datatype: float64}
# - {name: veiling_param_O35, datatype: float64}
# - {name: lsf, datatype: float64}
# - {name: e_lsf, datatype: float64}
# - {name: noise, datatype: float64}
# - {name: e_noise, datatype: float64}
# - {name: model_dip_O32, datatype: float64}
# - {name: model_std_O32, datatype: float64}
# - {name: model_dip_O33, datatype: float64}
# - {name: model_std_O33, datatype: float64}
# - {name: model_dip_O35, datatype: float64}
# - {name: model_std_O35, datatype: float64}
# - {name: wave_offset_O32, datatype: float64}
# - {name: e_wave_offset_O32, datatype: float64}
# - {name: wave_offset_O33, datatype: float64}
# - {name: e_wave_offset_O33, datatype: float64}
# - {name: wave_offset_O35, datatype: float64}
# - {name: e_wave_offset_O35, datatype: float64}
# - {name: snr_O32, datatype: float64}
# - {name: snr_O33, datatype: float64}
# - {name: snr_O35, datatype: float64}
# - {name: Kmag, unit: mag, datatype: float64}
# - {name: e_Kmag, unit: mag, datatype: float64}
# - {name: Hmag, unit: mag, datatype: float64}
# - {name: e_Hmag, unit: mag, datatype: float64}
# meta: !!omap
# - __serialized_columns__:
#     DEJ2000:
#       __class__: astropy.units.quantity.Quantity
#       unit: &id002 !astropy.units.Unit {unit: deg}
#       value: !astropy.table.SerializedColumn {name: DEJ2000}
#     Hmag:
#       __class__: astropy.units.quantity.Quantity
#       unit: &id001 !astropy.units.Unit {unit: mag}
#       value: !astropy.table.SerializedColumn
#         __class__: astropy.utils.masked.core.MaskedNDArray
#         data: !astropy.table.SerializedColumn {name: Hmag}
#     Kmag:
#       __class__: astropy.units.quantity.Quantity
#       unit: *id001
#       value: !astropy.table.SerializedColumn
#         __class__: astropy.utils.masked.core.MaskedNDArray
#         data: !astropy.table.SerializedColumn {name: Kmag}
#     RAJ2000:
#       __class__: astropy.units.quantity.Quantity
#       unit: *id002
#       value: !astropy.table.SerializedColumn {name: RAJ2000}
#     e_Hmag:
#       __class__: astropy.units.quantity.Quantity
#       unit: *id001
#       value: !astropy.table.SerializedColumn
#         __class__: astropy.utils.masked.core.MaskedNDArray
[...]
#       unit: &id003 !astropy.units.Unit {unit: K}
#       value: !astropy.table.SerializedColumn {name: e_teff}
#     e_vsini:
#       __class__: astropy.units.quantity.Quantity
#       unit: !astropy.units.Unit {unit: km / s}
#       value: !astropy.table.SerializedColumn {name: e_vsini}
#     itime:
#       __class__: astropy.units.quantity.Quantity
#       unit: !astropy.units.Unit {unit: s}
#       value: !astropy.table.SerializedColumn {name: itime}
#     rv:
#       __class__: astropy.units.quantity.Quantity
#       unit: !astropy.units.Unit {unit: km / s}
#       value: !astropy.table.SerializedColumn {name: rv}
#     rv_helio:
#       __class__: astropy.units.quantity.Quantity
#       unit: !astropy.units.Unit {unit: km / s}
#       value: !astropy.table.SerializedColumn {name: rv_helio}
#     teff:
#       __class__: astropy.units.quantity.Quantity
#       unit: *id003
#       value: !astropy.table.SerializedColumn {name: teff}
#     vsini:
#       __class__: astropy.units.quantity.Quantity
#       unit: !astropy.units.Unit {unit: km / s}
#       value: !astropy.table.SerializedColumn {name: vsini}
# schema: astropy-2.0
HC2000 m_HC2000 RAJ2000 DEJ2000 _RAJ2000 _DEJ2000 obs_date itime sci_frames tel_frames teff e_teff vsini e_vsini rv rv_helio e_rv airmass e_airmass pwv e_pwv veiling e_veiling veiling_param_O32 veiling_param_O33 veiling_param_O35 lsf e_lsf noise e_noise model_dip_O32 model_std_O32 model_dip_O33 model_std_O33 model_dip_O35 model_std_O35 wave_offset_O32 e_wave_offset_O32 wave_offset_O33 e_wave_offset_O33 wave_offset_O35 e_wave_offset_O35 snr_O32 snr_O33 snr_O35 Kmag e_Kmag Hmag e_Hmag
322 "" 83.817875 -5.387944 "05 35 16.29" "-05 23 16.6" 2015-12-23 300.0 "[75, 76, 77, 78]" "[79, 80, 80, 79]" 3373.5 24.8 37.44 0.79 28.74 24.94 0.57 1.01 0.01 4.15 0.08 7388.25 3098.95 0.06 0.06 "" 4.93 0.07 2.37 0.04 0.86 0.33 2.02 0.45 "" "" -0.05596 0.00829 0.38673 0.00986 "" "" 47.8 72.87 "" 9.435 0.004 9.982 0.004
296 "" 83.816958 -5.390083 "05 35 16.07" "-05 23 24.3" 2015-12-23 1200.0 "[81, 82, 83, 84]" "[79, 80, 80, 79]" 3982.1 1473.1 56.99 32.32 28.32 24.38 61.27 1.36 0.17 1.15 0.61 610673.12 763155.41 3.57 3.12 "" 16.39 2.59 1.0 0.0 0.01 0.01 0.01 0.0 "" "" 0.62063 0.27455 0.56963 0.31237 "" "" 1.64 3.19 "" 12.818 0.067 14.713 0.222
259 "" 83.821125 -5.392778 "05 35 17.07" "-05 23 34.0" 2015-12-23 90.0 "[87, 88, 89, 90]" "[95, 96, 96, 95]" 3434.2 33.7 32.82 1.03 32.16 28.02 0.64 1.37 0.01 2.39 0.04 69816.52 6621.56 0.58 0.51 "" 4.91 0.05 1.91 0.03 1.55 0.64 3.52 0.76 "" "" -0.02659 0.00505 0.47659 0.00774 "" "" 40.14 61.43 "" "" "" "" ""
213 "" 83.816458 -5.397194 "05 35 15.95" "-05 23 49.9" 2015-12-23 60.0 "[91, 92, 93, 94]" "[95, 96, 96, 95]" 3150.4 143.9 24.83 4.85 16.13 11.97 2.7 1.43 0.01 2.28 0.04 531652.34 124738.39 5.73 4.87 "" 5.05 0.05 2.17 0.04 1.7 0.61 1.33 0.39 "" "" -0.06811 0.00406 0.44691 0.00889 "" "" 45.94 65.35 "" "" "" "" ""
306 A 83.816 -5.389583 "05 35 15.84" "-05 23 22.5" 2015-12-24 180.0 "[40, 41, 42, 43]" "[44, 45, 45, 44]" 3511.7 50.4 34.41 1.73 30.25 26.33 1.02 1.2 0.01 2.14 0.04 103913.62 11809.36 0.82 0.71 "" 5.81 0.07 2.73 0.04 1.47 0.56 2.56 0.55 "" "" -0.01056 0.00728 0.25623 0.01183 "" "" 57.89 81.24 "" "" "" 9.711 0.005
306 B 83.816 -5.389583 "05 35 15.84" "-05 23 22.5" 2015-12-24 180.0 "[40, 41, 42, 43]" "[44, 45, 45, 44]" 3473.0 62.9 35.59 2.45 28.73 24.8 1.22 1.38 0.02 2.63 0.07 113047.36 17646.66 0.92 0.8 "" 7.35 0.12 3.0 0.05 0.71 0.3 1.92 0.41 "" "" -0.15421 0.01132 0.13518 0.01879 "" "" 47.43 67.58 "" "" "" 9.711 0.005
291 A 83.816 -5.390444 "05 35 15.84" "-05 23 25.6" 2015-12-24 600.0 "[46, 47, 48, 49]" "[44, 45, 45, 44]" 3791.2 1178.6 51.81 34.07 10.54 6.55 66.62 1.28 0.08 2.18 0.15 45392050.9 56684062.9 0.9 0.8 211.92 5.02 0.34 3.15 0.07 0.3 0.12 0.22 0.06 0.09 0.04 0.12098 0.00857 0.62086 0.01188 0.99622 0.00457 58.86 82.56 94.11 10.395 0.01 11.064 0.01
291 B 83.816 -5.390444 "05 35 15.84" "-05 23 25.6" 2015-12-24 600.0 "[46, 47, 48, 49]" "[44, 45, 45, 44]" 3171.1 29.0 16.17 0.77 33.05 29.05 0.38 1.14 0.02 2.06 0.06 43862.96 4277.91 0.46 0.39 "" 4.8 0.09 2.61 0.04 0.38 0.14 0.82 0.18 "" "" 0.12197 0.00938 0.7297 0.01048 "" "" 42.85 65.97 "" 10.395 0.01 11.064 0.01
252 "" 83.82075 -5.393639 "05 35 16.98" "-05 23 37.1" 2015-12-24 300.0 "[52, 53, 54, 55]" "[50, 51, 51, 50]" 3162.3 112.5 15.57 2.36 28.83 24.73 1.28 1.03 0.01 2.08 0.05 579856.59 102761.2 6.18 5.25 "" 4.94 0.08 2.71 0.05 0.52 0.2 0.41 0.13 "" "" 0.01386 0.00874 -0.10001 0.01001 "" "" 59.13 82.37 "" 9.314 0.005 10.238 0.004
250 "" 83.81625 -5.393889 "05 35 15.90" "-05 23 38.0" 2015-12-24 1200.0 "[56, 57, 58, 59]" "[60, 61, 61, 60]" 2977.7 55.1 15.47 0.8 34.35 30.13 0.42 1.01 0.01 2.0 0.07 33738.85 4071.24 0.43 0.36 "" 4.71 0.11 1.01 0.01 0.1 0.03 0.14 0.03 "" "" -0.02669 0.01278 0.18705 0.01411 "" "" 12.34 20.72 "" 12.144 0.008 12.803 0.006
244 "" 83.821083 -5.394389 "05 35 17.06" "-05 23 39.8" 2015-12-24 600.0 "[62, 63, 64, 65]" "[60, 61, 61, 60]" 3392.2 17.7 21.54 0.31 32.57 28.13 0.32 1.11 0.01 2.08 0.05 2325.65 1782.71 0.02 0.02 "" 5.31 0.07 2.2 0.04 0.63 0.21 1.38 0.29 "" "" 0.06886 0.00825 0.27064 0.01143 "" "" 43.61 67.89 "" 10.151 0.005 10.711 0.004
261 "" 83.814083 -5.392611 "05 35 15.38" "-05 23 33.4" 2015-12-24 900.0 "[66, 67, 68, 69]" "[44, 45, 45, 44]" 3358.7 17.7 0.58 0.69 30.84 26.29 0.2 1.29 0.02 2.11 0.08 108.38 151.84 0.0 0.0 "" 5.21 0.09 1.42 0.03 0.29 0.09 0.57 0.12 "" "" 0.06048 0.01269 0.37053 0.0134 "" "" 16.1 28.92 "" 11.137 0.004 11.424 0.007
248 "" 83.815667 -5.394 "05 35 15.76" "-05 23 38.4" 2016-12-14 600.0 "[40, 41, 42, 43]" "[54, 55, 55, 54]" 3379.4 40.0 39.14 1.47 26.93 27.06 1.06 1.06 0.02 1.43 0.06 42338.45 7529.17 0.37 0.32 "" 5.25 0.13 1.3 0.02 0.17 0.06 0.27 0.06 "" "" -0.07379 0.01355 -0.23886 0.01641 "" "" 19.01 28.18 "" 11.168 0.014 12.802 0.028
223 "" 83.814333 -5.395972 "05 35 15.44" "-05 23 45.5" 2016-12-14 300.0 "[46, 47, 48, 49]" "[44, 45, 45, 44]" 3345.9 20.9 10.62 0.7 27.37 27.35 0.29 1.02 0.01 1.57 0.05 38255.91 3639.94 0.34 0.3 "" 4.95 0.1 1.75 0.02 0.6 0.17 1.19 0.25 "" "" -0.19401 0.01066 0.06898 0.01188 "" "" 30.42 46.01 "" 9.88 0.003 10.463 0.003
219 "" 83.813167 -5.396306 "05 35 15.16" "-05 23 46.7" 2016-12-14 600.0 "[50, 51, 52, 53]" "[44, 45, 45, 44]" 3480.2 39.8 20.82 0.93 23.84 23.75 0.6 1.07 0.02 1.52 0.07 57489.25 7643.64 0.46 0.4 "" 5.47 0.13 1.2 0.02 0.14 0.04 0.3 0.06 "" "" -0.12163 0.01526 0.15492 0.01647 "" "" 16.45 27.21 "" 10.918 0.012 11.49 0.008
324 "" 83.811833 -5.387778 "05 35 14.84" "-05 23 16.0" 2016-12-14 1200.0 "[56, 57, 58]" "[54, 55, 55]" 3435.8 29.3 4.3 1.5 30.9 30.7 0.32 1.25 0.03 1.55 0.1 401.0 500.19 0.0 0.0 "" 5.24 0.2 1.04 0.02 0.18 0.05 0.28 0.06 "" "" -0.09762 0.01763 -0.31366 0.01816 "" "" 8.52 15.76 "" 11.899 0.012 12.06 0.007
295 "" 83.823208 -5.39025 "05 35 17.57" "-05 23 24.9" 2018-02-11 450.0 "[26, 27, 29, 30]" "[41, 42, 42, 41]" 3506.9 65.0 24.25 1.36 43.2 20.69 0.95 1.01 0.01 2.3 0.08 100171.2 14292.14 0.79 0.69 "" 5.23 0.13 1.01 0.01 0.14 0.04 0.24 0.05 "" "" -0.05657 0.0138 -0.21074 0.01738 "" "" 13.12 20.31 "" 10.501 0.01 11.787 0.008
313 "" 83.822792 -5.389194 "05 35 17.47" "-05 23 21.1" 2018-02-11 180.0 "[33, 34, 35, 36]" "[41, 42, 42, 41]" 3564.9 74.1 10.41 1.02 48.85 26.21 0.37 1.01 0.01 2.4 0.08 95716.54 13042.82 0.73 0.63 "" 5.07 0.12 1.0 0.0 0.31 0.11 0.64 0.13 "" "" -0.04067 0.01303 -0.15243 0.01696 "" "" 13.99 21.76 "" 9.687 0.007 10.459 0.005
332 "" 83.82425 -5.387667 "05 35 17.82" "-05 23 15.6" 2018-02-11 300.0 "[37, 38, 39, 40]" "[41, 42, 42, 41]" 3997.3 36.1 16.47 0.4 48.15 25.45 0.27 1.02 0.01 2.61 0.1 290.33 330.15 0.0 0.0 "" 5.07 0.12 1.05 0.02 0.42 0.12 0.86 0.17 "" "" 0.01425 0.01375 -0.10897 0.01381 "" "" 14.07 23.92 "" 9.87 0.004 10.169 0.004
331 "" 83.826042 -5.387694 "05 35 18.25" "-05 23 15.7" 2018-02-11 450.0 "[43, 44, 45, 46]" "[41, 42, 42, 41]" 3597.6 103.1 18.59 1.14 54.22 31.43 0.7 1.09 0.02 2.34 0.1 99206.56 17450.7 0.74 0.64 "" 5.04 0.15 1.0 0.0 0.17 0.05 0.32 0.07 "" "" -0.01187 0.01484 -0.17161 0.01587 "" "" 11.77 19.28 "" 10.563 0.003 11.536 0.006
337 "" 83.827792 -5.387222 "05 35 18.67" "-05 23 14.0" 2018-02-11 60.0 "[47, 48, 49, 50]" "[51, 52, 52, 51]" 4652.1 284.4 20.24 10.44 54.41 31.56 5.83 1.16 0.07 2.38 0.15 1654719.98 521619.22 7.35 6.38 5.48 7.84 0.42 1.5 0.04 1.13 0.55 0.53 0.12 0.64 0.15 0.09735 0.00676 -0.17566 0.01189 -0.31806 0.02774 36.3 50.45 63.83 "" "" "" ""
375 "" 83.82075 -5.383611 "05 35 16.98" "-05 23 01.0" 2018-02-11 180.0 "[53, 54, 55, 56]" "[51, 52, 52, 51]" 4040.9 115.3 26.45 0.87 55.49 32.6 0.56 1.25 0.01 1.81 0.07 95791.1 9716.76 0.54 0.48 "" 5.17 0.11 1.21 0.02 0.62 0.21 1.21 0.24 "" "" 0.08448 0.00947 -0.15347 0.01199 "" "" 22.25 34.68 "" 9.342 0.004 9.756 0.003
388 "" 83.823167 -5.382444 "05 35 17.56" "-05 22 56.8" 2018-02-11 120.0 "[57, 58, 59, 60]" "[61, 62, 62, 61]" 4234.5 141.4 18.14 0.78 53.36 30.44 0.44 1.34 0.02 1.76 0.05 124092.33 10881.61 0.65 0.57 "" 5.03 0.08 1.03 0.01 0.58 0.18 1.16 0.22 "" "" 0.05912 0.00919 -0.29794 0.01054 "" "" 16.94 26.77 "" 9.096 0.004 9.598 0.003
425 "" 83.824792 -5.379306 "05 35 17.95" "-05 22 45.5" 2018-02-12 60.0 "[47, 48, 49, 50]" "[51, 52, 52, 51]" 3546.2 20.3 21.56 0.32 47.44 24.69 0.33 1.01 0.01 1.05 0.04 331.68 394.09 0.0 0.0 "" 5.01 0.09 2.26 0.03 4.39 1.45 9.25 1.96 "" "" -0.0929 0.00921 -0.22788 0.01123 "" "" 45.96 65.59 "" "" "" "" ""
713 "" 83.827958 -5.382472 "05 35 18.71" "-05 22 56.9" 2018-02-12 90.0 "[54, 55, 56, 57]" "[51, 52, 52, 51]" 4698.5 184.7 6.91 1.81 45.89 23.0 0.49 1.01 0.01 0.98 0.03 502247.81 65868.51 2.31 2.04 "" 4.78 0.11 1.55 0.02 0.8 0.31 1.18 0.24 "" "" -0.05114 0.01022 -0.20251 0.01084 "" "" 29.19 40.88 "" "" "" 9.627 0.003
408 "" 83.830083 -5.38075 "05 35 19.22" "-05 22 50.7" 2018-02-12 450.0 "[58, 59, 60, 61]" "[51, 52, 52, 51]" 3543.6 46.2 50.45 1.41 45.79 22.87 1.09 1.06 0.02 1.01 0.05 975.8 1186.07 0.01 0.01 "" 5.33 0.12 1.29 0.02 0.3 0.11 0.57 0.13 "" "" 0.00385 0.0133 -0.14847 0.01474 "" "" 19.25 30.77 "" 10.521 0.003 10.86 0.004
410 "" 83.821333 -5.380583 "05 35 17.12" "-05 22 50.1" 2018-02-12 600.0 "[64, 65, 66, 67]" "[62, 63, 63, 62]" 3825.3 101.8 58.78 1.84 45.21 22.17 1.53 1.14 0.03 1.08 0.07 1594.7 1932.51 0.01 0.01 "" 5.24 0.17 1.01 0.01 0.13 0.05 0.25 0.06 "" "" 0.18799 0.02039 0.34587 0.02059 "" "" 10.03 18.01 "" 11.181 0.006 11.2 0.006
436 "" 83.826583 -5.377083 "05 35 18.38" "-05 22 37.5" 2018-02-12 90.0 "[70, 71, 72, 73]" "[74, 75, 75, 74]" 3707.8 65.2 16.28 0.67 55.76 32.6 0.28 1.4 0.02 1.09 0.04 22408.77 5920.53 0.15 0.13 "" 5.06 0.08 1.58 0.03 1.7 0.55 3.49 0.71 "" "" -0.09838 0.00904 0.18272 0.01094 "" "" 27.77 42.45 "" "" "" "" ""
354 B2 83.817125 -5.385222 "05 35 16.11" "-05 23 06.8" 2018-02-13 120.0 "[25, 26, 27, 28]" "[40, 41, 41, 40]" 5017.1 200.5 17.41 2.73 50.71 27.67 1.6 1.01 0.01 1.81 0.03 763532.37 169533.6 3.26 2.87 "" 5.31 0.07 2.8 0.04 1.52 0.64 1.99 0.42 "" "" -0.07288 0.00745 -0.16756 0.01092 "" "" 61.79 83.89 "" "" "" "" ""
354 B3 83.817125 -5.385222 "05 35 16.11" "-05 23 06.8" 2018-02-13 120.0 "[25, 26, 27, 28]" "[40, 41, 41, 40]" 5010.1 213.3 17.84 3.4 50.83 27.8 1.81 1.01 0.01 1.81 0.03 747698.54 157715.72 3.19 2.82 "" 5.3 0.09 2.8 0.05 1.53 0.64 2.01 0.42 "" "" -0.07338 0.00836 -0.17215 0.01227 "" "" 61.79 83.89 "" "" "" "" ""
354 B1 83.817125 -5.385222 "05 35 16.11" "-05 23 06.8" 2018-02-13 30.0 "[32, 33, 34, 35]" "[40, 41, 41, 40]" 6728.7 217.4 27.19 6.72 72.98 49.91 4.88 1.01 0.01 1.7 0.03 90970.69 91460.9 0.28 0.25 "" 5.07 0.08 2.27 0.04 3.49 1.76 2.58 0.96 "" "" -0.17007 0.00957 -0.27488 0.011 "" "" 48.05 66.94 "" "" "" "" ""
354 B4 83.817125 -5.385222 "05 35 16.11" "-05 23 06.8" 2018-02-13 600.0 "[36, 37, 38, 39]" "[40, 41, 41, 40]" 2666.3 266.2 63.07 3.95 45.94 22.82 2.65 1.02 0.02 1.22 0.1 967.41 1339.68 0.02 0.01 "" 5.02 0.21 1.21 0.03 0.11 0.04 0.26 0.07 "" "" -0.13245 0.02637 -0.16541 0.02124 "" "" 8.42 18.83 "" "" "" "" ""
442 "" 83.81875 -5.376444 "05 35 16.50" "-05 22 35.2" 2018-02-13 450.0 "[42, 43, 44, 45]" "[46, 47, 47, 46]" 3911.9 523.4 49.01 21.4 48.8 25.5 11.04 1.12 0.08 1.08 0.28 152618.2 157137.15 0.93 0.81 "" 5.77 0.7 1.0 0.0 0.03 0.01 0.06 0.01 "" "" 0.19361 0.0654 -0.01021 0.08829 "" "" 2.76 4.89 "" 10.638 0.006 11.182 0.003
344 "" 83.815708 -5.386083 "05 35 15.77" "-05 23 09.9" 2018-02-13 60.0 "[48, 49, 50, 51]" "[52, 53, 53, 52]" 3550.3 95.5 30.35 2.46 -4.13 -27.52 1.42 1.42 0.02 1.9 0.05 305065.17 44714.49 2.34 2.03 "" 5.06 0.07 1.62 0.03 1.62 0.74 2.21 0.53 "" "" -0.04282 0.00805 -0.0972 0.00894 "" "" 29.03 44.26 "" "" "" "" ""
522 A 83.817875 -5.369556 "05 35 16.29" "-05 22 10.4" 2019-01-12 450.0 "[36, 37, 38, 39]" "[40, 41, 41, 40]" 3414.9 19.2 33.98 0.72 37.43 25.04 0.47 1.16 0.01 1.14 0.03 39478.51 3339.49 0.34 0.29 "" 5.66 0.08 1.02 0.01 0.0 0.0 0.0 0.0 "" "" -0.03471 0.00872 0.10605 0.00919 "" "" 21.62 30.3 "" 10.43 0.004 11.716 0.009
522 B 83.817875 -5.369556 "05 35 16.29" "-05 22 10.4" 2019-01-12 450.0 "[36, 37, 38, 39]" "[40, 41, 41, 40]" 3134.4 37.8 21.84 1.26 36.65 24.26 0.65 1.12 0.01 1.21 0.05 91200.91 8720.68 1.0 0.85 "" 6.33 0.14 1.0 0.0 0.0 0.0 0.0 0.0 "" "" 0.12374 0.01393 0.08298 0.01553 "" "" 12.46 20.0 "" 10.43 0.004 11.716 0.009
145 "" 83.816292 -5.404972 "05 35 15.91" "-05 24 17.9" 2019-01-12 600.0 "[42, 43, 44, 45]" "[40, 41, 41, 40]" 3422.4 202.7 14.49 7.65 35.96 23.44 2.5 1.11 0.06 0.63 0.13 79645.44 42768.77 0.67 0.58 "" 8.0 1.71 1.0 0.0 0.06 0.06 0.05 0.01 "" "" -0.18057 0.16105 0.18446 0.10026 "" "" 1.97 4.7 "" 12.932 0.017 13.724 0.014
202 "" 83.816667 -5.398056 "05 35 16.00" "-05 23 53.0" 2019-01-12 120.0 "[46, 47, 48, 49]" "[50, 51, 51, 50]" 3397.4 23.6 40.41 0.99 38.36 25.72 0.64 1.04 0.01 1.08 0.03 77992.32 5688.27 0.67 0.58 "" 5.33 0.08 1.13 0.01 0.58 0.21 1.29 0.28 "" "" -0.41252 0.00778 0.16641 0.00858 "" "" 27.22 36.42 "" 9.002 0.007 9.807 0.006
188 "" 83.83175 -5.39925 "05 35 19.62" "-05 23 57.3" 2019-01-12 600.0 "[52, 53, 54, 55]" "[50, 51, 51, 50]" 3524.3 24.1 7.49 0.41 42.26 29.52 0.22 1.01 0.01 1.04 0.06 289.58 338.28 0.0 0.0 "" 4.96 0.14 1.0 0.0 0.08 0.03 0.44 0.09 "" "" -0.36555 0.01403 0.1214 0.01469 "" "" 9.65 19.04 "" 11.594 0.004 11.797 0.003
302 "" 83.811333 -5.389694 "05 35 14.72" "-05 23 22.9" 2019-01-13 450.0 "[41, 42, 43, 44]" "[39, 40, 40, 39]" 3560.2 14.3 14.22 0.52 41.92 29.19 0.17 1.29 0.01 0.74 0.01 71876.8 3178.97 0.55 0.48 "" 5.46 0.08 1.04 0.01 0.51 0.11 0.69 0.14 "" "" 0.01309 0.00487 -0.12158 0.00661 "" "" 33.53 33.74 "" 10.541 0.003 11.422 0.004
275 "" 83.812208 -5.391417 "05 35 14.93" "-05 23 29.1" 2019-01-13 450.0 "[47, 48]" "[45, 46]" 3874.4 16.5 17.83 0.2 43.67 30.84 0.12 1.12 0.01 0.76 0.01 87.26 105.76 0.0 0.0 "" 5.3 0.04 1.59 0.02 2.16 0.48 2.97 0.62 "" "" -0.29738 0.00513 -0.45645 0.00711 "" "" 52.35 56.58 "" 10.191 0.003 10.863 0.004
245 "" 83.812292 -5.39425 "05 35 14.95" "-05 23 39.3" 2019-01-13 180.0 "[49, 50, 51, 52]" "[53, 54, 54, 53]" 3917.0 21.7 17.36 0.22 44.11 31.22 0.13 1.06 0.01 0.74 0.01 123.82 136.18 0.0 0.0 "" 5.06 0.07 1.28 0.01 2.0 0.45 2.75 0.56 "" "" 0.07463 0.00486 -0.55906 0.00784 "" "" 37.9 40.76 "" 9.517 0.003 9.818 0.003
258 "" 83.81 -5.392694 "05 35 14.40" "-05 23 33.7" 2019-01-13 180.0 "[55, 56, 57, 58]" "[53, 54, 54, 53]" 3587.8 17.4 7.54 0.43 41.01 28.03 0.14 1.02 0.01 0.74 0.01 129917.83 4249.81 0.97 0.84 "" 5.55 0.07 1.21 0.01 1.0 0.26 1.47 0.35 "" "" 0.26716 0.00454 -0.2372 0.00735 "" "" 42.77 45.38 "" 9.386 0.002 9.858 0.004
220 "" 83.81175 -5.39625 "05 35 14.82" "-05 23 46.5" 2019-01-13 600.0 "[59, 60, 61, 63]" "[64, 65, 65, 64]" 3505.3 12.6 9.35 0.68 46.59 33.54 0.12 1.01 0.0 0.69 0.02 3732.17 1862.41 0.03 0.03 "" 5.04 0.11 1.0 0.0 0.38 0.1 0.54 0.12 "" "" 0.18027 0.00649 -0.11652 0.01003 "" "" 22.48 25.2 "" 11.514 0.005 11.864 0.004
344 "" 83.815708 -5.386083 "05 35 15.77" "-05 23 09.9" 2019-01-13 120.0 "[66, 67, 68, 69]" "[64, 65, 65, 64]" 4550.2 182.7 99.68 0.39 46.25 33.09 1.73 1.03 0.01 0.73 0.01 237920.32 23479.24 1.14 1.0 "" 4.8 0.04 3.26 0.04 4.9 2.2 8.97 2.73 "" "" 0.01064 0.00403 -0.30451 0.0061 "" "" 127.17 134.32 "" "" "" "" ""
370 "" 83.816167 -5.383889 "05 35 15.88" "-05 23 02.0" 2019-01-16 180.0 "[83, 84, 85, 86]" "[87, 88, 88, 87]" 3848.7 28.6 14.74 0.44 45.14 31.16 0.17 1.16 0.01 0.5 0.0 121676.19 5209.25 0.77 0.67 "" 5.45 0.07 1.0 0.0 0.79 0.19 1.15 0.26 "" "" -0.05787 0.00533 -0.19738 0.00667 "" "" 33.45 35.24 "" 9.831 0.006 10.32 0.005
389 "" 83.815167 -5.382333 "05 35 15.64" "-05 22 56.4" 2019-01-16 120.0 "[89, 90, 91, 92]" "[87, 88, 88, 87]" 3576.1 17.8 27.58 0.51 44.95 30.89 0.34 1.07 0.0 0.5 0.0 99598.74 4177.82 0.75 0.65 "" 5.94 0.03 2.22 0.02 3.56 0.9 5.57 1.33 "" "" 0.00863 0.00527 -0.04574 0.00654 "" "" 90.45 93.99 "" "" "" "" ""
386 "" 83.813625 -5.382417 "05 35 15.27" "-05 22 56.7" 2019-01-16 120.0 "[93, 94, 95, 96]" "[97, 98, 98, 97]" 3684.9 15.0 12.53 0.13 42.06 27.94 0.14 1.03 0.01 0.5 0.0 11928.17 1487.81 0.08 0.07 "" 6.22 0.08 1.3 0.02 2.55 0.63 3.68 0.83 "" "" 0.00933 0.00714 0.35936 0.00927 "" "" 41.02 45.2 "" 9.189 0.011 9.504 0.006
398 "" 83.813333 -5.381778 "05 35 15.20" "-05 22 54.4" 2019-01-16 120.0 "[99, 100, 101, 102]" "[97, 98, 98, 97]" 4478.4 223.7 26.4 1.76 39.25 25.07 0.73 1.0 0.0 0.5 0.0 1163395.33 77908.06 5.67 4.99 "" 5.7 0.03 1.38 0.01 0.84 0.25 1.06 0.31 "" "" 0.03097 0.00496 0.41713 0.00671 "" "" 64.34 64.91 "" "" "" 9.365 0.005
413 "" 83.814542 -5.380167 "05 35 15.49" "-05 22 48.6" 2019-01-16 180.0 "[113, 114, 115, 116]" "[117, 118, 118, 117]" 3660.1 27.7 28.56 0.52 39.97 25.6 0.3 1.01 0.01 0.5 0.0 7612.22 3166.04 0.05 0.05 "" 4.88 0.09 1.0 0.0 0.82 0.19 1.19 0.26 "" "" -0.2522 0.00788 -0.50321 0.01212 "" "" 19.87 21.73 "" 9.831 0.006 10.204 0.003
