catalogs/result_table.ecsv
# %ECSV 1.0
# ---
# datatype:
# - {name: HC2000, datatype: string, description: 'Identifier in [HC2000], Hillenbrand & Carpenter (2000) [2000ApJ...540..236H]'}
# - {name: K19 ID, datatype: int16, description: 'Identifier in Kim et al. (2019) [2019AJ....157..109K]'}
# - {name: APOGEE, datatype: string, description: 'Identifier in APOGEE-2 DR16 [2020AJ....160..120J]'}
# - {name: Gaia DR3, datatype: string, description: 'Identifier in Gaia DR3 [2023A&A...674A...1G]'}
# - {name: RAJ2000, unit: deg, datatype: float64, format: .6f}
# - {name: DEJ2000, unit: deg, datatype: float64, format: .6f}
# - {name: Obs. Date, datatype: string}
# - {name: Teff, unit: K, datatype: float64, format: .1f}
# - {name: e_Teff, unit: K, datatype: float64, format: .1f}
# - {name: RV, unit: km / s, datatype: float64, format: .2f}
# - {name: e_RV, unit: km / s, datatype: float64, format: .2f}
# - {name: pmRA, unit: mas / yr, datatype: float32, format: .2f}
# - {name: e_pmRA, unit: mas / yr, datatype: float32, format: .2f}
# - {name: pmDE, unit: mas / yr, datatype: float32, format: .2f}
# - {name: e_pmDE, unit: mas / yr, datatype: float64, format: .2f}
# - {name: Teff_NIRSPAO, unit: K, datatype: float64, format: .1f}
# - {name: e_Teff_NIRSPAO, unit: K, datatype: float64, format: .1f}
# - {name: RV_NIRSPAO, unit: km / s, datatype: float64, format: .2f}
# - {name: e_RV_NIRSPAO, unit: km / s, datatype: float64, format: .2f}
# - {name: vsini_NIRSPAO, unit: km / s, datatype: float64, format: .2f}
# - {name: e_vsini_NIRSPAO, unit: km / s, datatype: float64, format: .2f}
# - {name: SNR O32, datatype: float64, format: .2f, description: Signal-to-noise ratio in order 32}
# - {name: SNR O33, datatype: float64, format: .2f, description: Signal-to-noise ratio in order 33}
# - {name: SNR O35, datatype: float64, format: .2f, description: Signal-to-noise ratio in order 35}
# - {name: Veil Param O32, datatype: float64, format: .2f, description: 'Veiling parameter in order 32. Defined as in Theissen et al.
#     (2022) [2022ApJ...926..141T]'}
# - {name: Veil Param O33, datatype: float64, format: .2f, description: 'Veiling parameter in order 33. Defined as in Theissen et al.
#     (2022) [2022ApJ...926..141T]'}
# - {name: Veil Param O35, datatype: float64, format: .2f, description: 'Veiling parameter in order 35. Defined as in Theissen et al.
#     (2022) [2022ApJ...926..141T]'}
# - {name: Teff_T22, unit: K, datatype: float64, format: .1f}
# - {name: e_Teff_T22, unit: K, datatype: float64, format: .1f}
# - {name: RV_T22, unit: km / s, datatype: float64, format: .2f}
# - {name: e_RV_T22, unit: km / s, datatype: float64, format: .2f}
# - {name: vsini_T22, unit: km / s, datatype: float64, format: .2f}
# - {name: e_vsini_T22, unit: km / s, datatype: float64, format: .2f}
# - {name: pmRA_K19, unit: mas / yr, datatype: float32, format: .2f}
# - {name: e_pmRA_K19, unit: mas / yr, datatype: float32, format: .2f}
# - {name: pmDE_K19, unit: mas / yr, datatype: float32, format: .2f}
# - {name: e_pmDE_K19, unit: mas / yr, datatype: float64, format: .2f}
# - {name: pmRA_DR3, unit: mas / yr, datatype: float64, format: .3f}
# - {name: e_pmRA_DR3, unit: mas / yr, datatype: float64, format: .3f}
# - {name: pmDE_DR3, unit: mas / yr, datatype: float64, format: .3f}
# - {name: e_pmDE_DR3, unit: mas / yr, datatype: float64, format: .3f}
[...]
#       value: !astropy.table.SerializedColumn {name: pmDE_DR3}
#     pmDE_K19:
#       __class__: astropy.units.quantity.Quantity
#       unit: !astropy.units.Unit {unit: mas / yr}
#       value: !astropy.table.SerializedColumn {name: pmDE_K19}
#     pmRA:
#       __class__: astropy.units.quantity.Quantity
#       unit: !astropy.units.Unit {unit: mas / yr}
#       value: !astropy.table.SerializedColumn {name: pmRA}
#     pmRA_DR3:
#       __class__: astropy.units.quantity.Quantity
#       unit: !astropy.units.Unit {unit: mas / yr}
#       value: !astropy.table.SerializedColumn {name: pmRA_DR3}
#     pmRA_K19:
#       __class__: astropy.units.quantity.Quantity
#       unit: !astropy.units.Unit {unit: mas / yr}
#       value: !astropy.table.SerializedColumn {name: pmRA_K19}
#     vsini_NIRSPAO:
#       __class__: astropy.units.quantity.Quantity
#       unit: !astropy.units.Unit {unit: km / s}
#       value: !astropy.table.SerializedColumn {name: vsini_NIRSPAO}
#     vsini_T22:
#       __class__: astropy.units.quantity.Quantity
#       unit: !astropy.units.Unit {unit: km / s}
#       value: !astropy.table.SerializedColumn {name: vsini_T22}
# schema: astropy-2.0
HC2000 "K19 ID" APOGEE "Gaia DR3" RAJ2000 DEJ2000 "Obs. Date" Teff e_Teff RV e_RV pmRA e_pmRA pmDE e_pmDE Teff_NIRSPAO e_Teff_NIRSPAO RV_NIRSPAO e_RV_NIRSPAO vsini_NIRSPAO e_vsini_NIRSPAO "SNR O32" "SNR O33" "SNR O35" "Veil Param O32" "Veil Param O33" "Veil Param O35" Teff_T22 e_Teff_T22 RV_T22 e_RV_T22 vsini_T22 e_vsini_T22 pmRA_K19 e_pmRA_K19 pmDE_K19 e_pmDE_K19 pmRA_DR3 e_pmRA_DR3 pmDE_DR3 e_pmDE_DR3 M_MIST e_M_MIST M_BHAC15 e_M_BHAC15 M_Feiden e_M_Feiden M_Palla e_M_Palla
[from data line 170]
"" 119 2M05353124-0523400 3017365850029113856 83.827125 -5.345194 "" 3685.3 15.2 31.06 1.62 -1.7 0.12 0.6 0.22 nan nan nan nan nan nan nan nan nan nan nan nan 3685.3 15.2 31.06 1.62 50.66 0.6 -1.7 0.12 0.6 0.22 nan nan nan nan 0.473 0.03 0.451 0.029 0.454 0.042 0.454 0.015
"" 20 2M05353124-0523400 3017364162103041536 83.8285 -5.373028 "" 3721.3 235.6 23.73 0.91 0.14 0.2 -0.04 0.15 nan nan nan nan nan nan nan nan nan nan nan nan 3721.3 235.6 23.73 0.91 15.83 7.06 0.14 0.2 -0.04 0.15 nan nan nan nan 0.496 0.176 0.473 0.17 0.473 0.169 0.484 0.198
"" 549 2M05353124-0523400 3017365850036801024 83.828917 -5.347833 "" 4035.0 13.8 24.41 0.15 1.72 0.29 -0.99 0.15 nan nan nan nan nan nan nan nan nan nan nan nan 4035.0 13.8 24.41 0.15 11.85 1.22 1.72 0.29 -0.99 0.15 nan nan nan nan 0.712 0.06 0.702 0.044 0.669 0.06 0.76 0.014
"" "" 2M05353124-0523400 3017365953115811968 83.830417 -5.3355 "" 6273.0 91.0 32.9 1.78 nan nan nan nan nan nan nan nan nan nan nan nan nan nan nan nan 6273.0 91.0 32.9 1.78 117.19 10.98 nan nan nan nan nan nan nan nan 2.801 0.61 nan nan 2.865 0.632 2.271 0.285
"" 573 2M05353124-0523400 3017361001006988416 83.831875 -5.407389 "" 3946.4 9.2 23.19 0.2 0.33 0.34 -0.29 0.09 nan nan nan nan nan nan nan nan nan nan nan nan 3946.4 9.2 23.19 0.2 18.18 0.34 0.33 0.34 -0.29 0.09 -0.226 0.046 -1.075 0.038 0.65 0.051 0.632 0.04 0.612 0.054 0.678 0.015
"" "" 2M05353124-0523400 3017365850036800896 83.8335 -5.351639 "" 4437.0 7.0 37.13 0.21 nan nan nan nan nan nan nan nan nan nan nan nan nan nan nan nan 4437.0 7.0 37.13 0.21 48.9 0.42 nan nan nan nan nan nan nan nan 1.028 0.056 1.107 0.03 0.97 0.059 1.277 0.064
"" "" 2M05353124-0523400 3017360902234822016 83.8335 -5.427083 "" 4135.0 33.0 26.74 0.66 -0.12 0.05 -0.45 0.04 nan nan nan nan nan nan nan nan nan nan nan nan 4135.0 33.0 26.74 0.66 11.75 0.79 nan nan nan nan -0.122 0.046 -0.453 0.04 0.783 0.078 0.785 0.061 0.738 0.079 0.868 0.045
"" "" 2M05353124-0523400 3017360313812222720 83.834 -5.444167 "" 4422.0 8.0 29.18 1.03 -0.03 0.02 1.81 0.02 nan nan nan nan nan nan nan nan nan nan nan nan 4422.0 8.0 29.18 1.03 53.5 1.09 nan nan nan nan -0.034 0.022 1.813 0.018 1.014 0.058 1.088 0.032 0.956 0.061 1.251 0.06
"" 441 2M05353124-0523400 3017364097682700672 83.834042 -5.385694 "" 3867.8 12.5 29.24 1.64 -2.14 0.69 -0.87 0.29 nan nan nan nan nan nan nan nan nan nan nan nan 3867.8 12.5 29.24 1.64 40.21 1.46 -2.14 0.69 -0.87 0.29 nan nan nan nan 0.594 0.048 0.573 0.037 0.564 0.053 0.605 0.021
"" 104 2M05353124-0523400 3017361108393218816 83.835583 -5.405778 "" 3572.3 50.8 27.47 0.21 -0.58 0.2 -0.92 0.05 nan nan nan nan nan nan nan nan nan nan nan nan 3572.3 50.8 27.47 0.21 7.87 1.48 -0.58 0.2 -0.92 0.05 nan nan nan nan 0.403 0.042 0.381 0.041 0.397 0.054 0.365 0.039
"" 192 2M05353124-0523400 3017365884399265280 83.835667 -5.345306 "" 3498.7 252.7 29.39 1.53 -0.29 0.05 0.28 0.82 nan nan nan nan nan nan nan nan nan nan nan nan 3498.7 252.7 29.39 1.53 17.07 1.19 -0.29 0.05 0.28 0.82 nan nan nan nan 0.359 0.162 0.34 0.152 0.358 0.154 0.31 0.177
"" 72 2M05353124-0523400 3017361104086334976 83.836125 -5.398083 "" 2978.4 7.1 25.7 0.2 0.09 0.12 0.31 0.05 nan nan nan nan nan nan nan nan nan nan nan nan 2978.4 7.1 25.7 0.2 10.68 1.18 0.09 0.12 0.31 0.05 nan nan nan nan 0.101 0.003 0.103 0.014 nan nan nan nan
"" "" 2M05353124-0523400 3017365643870379008 83.8365 -5.365278 "" 4288.0 14.0 25.24 1.53 -0.98 0.04 0.03 0.03 nan nan nan nan nan nan nan nan nan nan nan nan 4288.0 14.0 25.24 1.53 10.22 0.71 nan nan nan nan -0.985 0.043 0.034 0.034 0.901 0.067 0.932 0.044 0.848 0.068 1.058 0.043
"" 34 2M05353124-0523400 3017365643880749824 83.83675 -5.356 "" 4020.8 16.3 32.46 0.26 0.7 2.17 0.83 0.91 nan nan nan nan nan nan nan nan nan nan nan nan 4020.8 16.3 32.46 0.26 35.5 1.37 0.7 2.17 0.83 0.91 nan nan nan nan 0.702 0.061 0.69 0.046 0.66 0.061 0.747 0.017
"" 86 2M05353124-0523400 3017364093383574784 83.837625 -5.373611 "" 3725.5 8.1 27.16 0.18 -1.02 0.09 1.41 0.72 nan nan nan nan nan nan nan nan nan nan nan nan 3725.5 8.1 27.16 0.18 16.62 0.72 -1.02 0.09 1.41 0.72 nan nan nan nan 0.499 0.03 0.476 0.026 0.476 0.041 0.487 0.011
"" 612 2M05353124-0523400 3017360696076379392 83.838125 -5.432472 "" 4107.0 7.6 22.19 0.23 1.04 0.26 -0.11 0.16 nan nan nan nan nan nan nan nan nan nan nan nan 4107.0 7.6 22.19 0.23 29.68 0.54 1.04 0.26 -0.11 0.16 1.25 0.053 -0.11 0.045 0.763 0.059 0.762 0.038 0.718 0.06 0.835 0.014
"" "" 2M05353124-0523400 3017360627357038592 83.839125 -5.445528 "" 4386.0 7.0 26.03 0.21 -1.24 0.04 0.56 0.03 nan nan nan nan nan nan nan nan nan nan nan nan 4386.0 7.0 26.03 0.21 19.74 0.17 nan nan nan nan -1.24 0.038 0.561 0.03 0.981 0.059 1.044 0.033 0.925 0.061 1.191 0.043
"" "" 2M05353124-0523400 3017360249399919616 83.840083 -5.449333 "" 3061.0 9.0 30.06 1.01 nan nan nan nan nan nan nan nan nan nan nan nan nan nan nan nan 3061.0 9.0 30.06 1.01 72.25 0.95 nan nan nan nan nan nan nan nan 0.131 0.007 0.143 0.009 0.125 0.009 nan nan
"" "" 2M05353124-0523400 3017360726129086848 83.84025 -5.424 "" 4209.0 12.0 25.74 0.18 0.21 0.09 0.13 0.07 nan nan nan nan nan nan nan nan nan nan nan nan 4209.0 12.0 25.74 0.18 12.44 1.36 nan nan nan nan 0.213 0.086 0.13 0.072 0.838 0.065 0.853 0.043 0.792 0.066 0.957 0.028
"" 617 2M05353124-0523400 3017360627357037696 83.8405 -5.445639 "" 3749.1 8.6 26.49 0.63 1.05 0.06 1.38 0.03 nan nan nan nan nan nan nan nan nan nan nan nan 3749.1 8.6 26.49 0.63 16.95 0.86 1.05 0.06 1.38 0.03 nan nan nan nan 0.514 0.032 0.491 0.028 0.49 0.043 0.507 0.013
"" 89 2M05353124-0523400 3017365570852327936 83.841 -5.368944 "" 4067.7 11.0 26.71 0.27 0.15 0.29 1.13 0.13 nan nan nan nan nan nan nan nan nan nan nan nan 4067.7 11.0 26.71 0.27 23.87 0.5 0.15 0.29 1.13 0.13 nan nan nan nan 0.735 0.06 0.729 0.042 0.691 0.06 0.79 0.013
"" 145 2M05353124-0523400 3017361039673740672 83.842 -5.409083 "" 3258.0 8.2 23.37 0.2 1.36 0.47 -1.32 0.33 nan nan nan nan nan nan nan nan nan nan nan nan 3258.0 8.2 23.37 0.2 12.89 0.68 1.36 0.47 -1.32 0.33 nan nan nan nan 0.22 0.007 0.225 0.011 0.219 0.008 0.166 0.004
"" "" 2M05353124-0523400 3017360623049874176 83.842458 -5.443694 "" 4246.0 7.0 29.56 0.31 nan nan nan nan nan nan nan nan nan nan nan nan nan nan nan nan 4246.0 7.0 29.56 0.31 34.67 0.1 nan nan nan nan nan nan nan nan 0.867 0.062 0.888 0.037 0.818 0.063 1.001 0.028
"" "" 2M05353124-0523400 3017365880089976064 83.84275 -5.341444 "" 4526.0 6.0 23.37 0.34 -0.1 0.01 -0.41 0.01 nan nan nan nan nan nan nan nan nan nan nan nan 4526.0 6.0 23.37 0.34 13.41 0.83 nan nan nan nan -0.098 0.014 -0.408 0.013 1.115 0.047 1.225 0.023 1.055 0.052 1.433 0.092
"" 558 2M05353124-0523400 3017365575158623360 83.8435 -5.366944 "" 4467.6 7.6 22.86 0.29 0.03 0.09 -1.2 0.11 nan nan nan nan nan nan nan nan nan nan nan nan 4467.6 7.6 22.86 0.29 19.88 1.08 0.03 0.09 -1.2 0.11 0.645 0.049 -0.335 0.042 1.057 0.054 1.147 0.03 0.998 0.058 1.331 0.076
"" 652 2M05353124-0523400 3017360726129090176 83.843583 -5.429194 "" 3544.1 12.5 30.53 0.41 -2.23 0.31 -1.26 0.45 nan nan nan nan nan nan nan nan nan nan nan nan 3544.1 12.5 30.53 0.41 14.72 0.88 -2.23 0.31 -1.26 0.45 nan nan nan nan 0.386 0.017 0.365 0.018 0.382 0.032 0.344 0.01
"" "" 2M05353124-0523400 "" 83.84475 -5.329944 "" 4292.0 12.0 30.2 0.22 nan nan nan nan nan nan nan nan nan nan nan nan nan nan nan nan 4292.0 12.0 30.2 0.22 31.28 0.39 nan nan nan nan nan nan nan nan 0.904 0.065 0.936 0.042 0.851 0.066 1.064 0.041
"" 551 2M05353124-0523400 3017364097690157952 83.845667 -5.378194 "" 4477.9 8.3 28.32 1.53 -0.59 0.13 2.26 0.07 nan nan nan nan nan nan nan nan nan nan nan nan 4477.9 8.3 28.32 1.53 66.41 0.82 -0.59 0.13 2.26 0.07 nan nan nan nan 1.067 0.054 1.16 0.029 1.008 0.058 1.349 0.081
"" 623 2M05353124-0523400 3017365570852334336 83.846542 -5.374528 "" 3933.3 12.1 25.57 0.31 -0.28 0.19 -0.09 0.21 nan nan nan nan nan nan nan nan nan nan nan nan 3933.3 12.1 25.57 0.31 3.56 1.35 -0.28 0.19 -0.09 0.21 nan nan nan nan 0.641 0.053 0.621 0.041 0.604 0.055 0.666 0.019
"" 535 2M05353124-0523400 3017365643877689728 83.846708 -5.359917 "" 3132.1 14.4 47.65 0.56 -1.26 0.21 -1.92 0.2 nan nan nan nan nan nan nan nan nan nan nan nan 3132.1 14.4 47.65 0.56 53.83 1.35 -1.26 0.21 -1.92 0.2 nan nan nan nan 0.158 0.01 0.172 0.008 0.16 0.017 0.12 0.007
"" 556 2M05353124-0523400 3017365678237816960 83.847167 -5.357056 "" 4235.7 10.6 29.54 0.34 1.51 0.23 -0.34 0.22 nan nan nan nan nan nan nan nan nan nan nan nan 4235.7 10.6 29.54 0.34 11.89 1.41 1.51 0.23 -0.34 0.22 nan nan nan nan 0.858 0.064 0.878 0.04 0.81 0.065 0.989 0.03
"" "" 2M05353124-0523400 3017365987477952384 83.847875 -5.333778 "" 4058.0 27.0 26.49 1.78 nan nan nan nan nan nan nan nan nan nan nan nan nan nan nan nan 4058.0 27.0 26.49 1.78 53.43 1.19 nan nan nan nan nan nan nan nan 0.728 0.07 0.721 0.055 0.684 0.07 0.781 0.029
"" 98 2M05353124-0523400 3017365570852340352 83.851375 -5.375611 "" 4290.4 48.9 25.14 1.61 -1.58 0.25 0.12 0.08 nan nan nan nan nan nan nan nan nan nan nan nan 4290.4 48.9 25.14 1.61 16.0 0.59 -1.58 0.25 0.12 0.08 nan nan nan nan 0.903 0.095 0.934 0.08 0.849 0.094 1.061 0.086
"" 342 2M05353124-0523400 3017360661716647552 83.851375 -5.433417 "" 2822.5 9.2 26.95 1.57 -0.65 0.36 -0.46 0.28 nan nan nan nan nan nan nan nan nan nan nan nan 2822.5 9.2 26.95 1.57 31.32 3.75 -0.65 0.36 -0.46 0.28 nan nan nan nan nan nan 0.049 0.003 nan nan nan nan
"" 508 2M05353124-0523400 3017361035366738688 83.851792 -5.411056 "" 4178.6 9.6 23.5 0.28 0.85 0.07 -1.81 0.17 nan nan nan nan nan nan nan nan nan nan nan nan 4178.6 9.6 23.5 0.28 39.41 0.55 0.85 0.07 -1.81 0.17 0.645 0.046 -1.04 0.04 0.815 0.063 0.824 0.041 0.77 0.064 0.92 0.023
"" 269 2M05353124-0523400 3017361074033059712 83.851875 -5.400278 "" 2761.7 21.2 31.09 0.39 -0.97 0.24 2.31 0.04 nan nan nan nan nan nan nan nan nan nan nan nan 2761.7 21.2 31.09 0.39 20.71 1.05 -0.97 0.24 2.31 0.04 nan nan nan nan nan nan 0.037 0.003 nan nan nan nan
"" "" 2M05353124-0523400 3017360627356913280 83.851875 -5.442056 "" 3260.0 197.0 24.08 1.2 -0.08 0.07 -1.67 0.06 nan nan nan nan nan nan nan nan nan nan nan nan 3260.0 197.0 24.08 1.2 19.86 0.92 nan nan nan nan -0.083 0.067 -1.674 0.056 0.221 0.105 0.226 0.097 0.22 0.112 0.167 0.057
"" 194 2M05353124-0523400 3017362615914842368 83.852708 -5.378472 "" 3737.8 46.0 32.95 0.96 -0.26 0.12 -0.13 0.03 nan nan nan nan nan nan nan nan nan nan nan nan 3737.8 46.0 32.95 0.96 2.23 2.43 -0.26 0.12 -0.13 0.03 nan nan nan nan 0.507 0.054 0.484 0.052 0.483 0.064 0.497 0.043
"" 177 2M05353124-0523400 3017361035366739328 83.852875 -5.409917 "" 4270.4 7.7 24.77 0.34 0.18 0.65 1.11 0.32 nan nan nan nan nan nan nan nan nan nan nan nan 4270.4 7.7 24.77 0.34 35.59 0.49 0.18 0.65 1.11 0.32 -0.301 0.042 1.832 0.036 0.887 0.062 0.913 0.037 0.835 0.063 1.034 0.033
"" 450 2M05353124-0523400 3017360833518069888 83.853667 -5.419472 "" 2889.5 65.1 25.83 1.74 -0.34 0.25 -0.39 0.2 nan nan nan nan nan nan nan nan nan nan nan nan 2889.5 65.1 25.83 1.74 13.39 0.66 -0.34 0.25 -0.39 0.2 nan nan nan nan nan nan 0.066 0.031 nan nan nan nan
"" "" 2M05353124-0523400 3017362620221405440 83.854375 -5.382917 "" 4431.0 7.0 29.88 0.21 -0.49 0.1 1.96 0.09 nan nan nan nan nan nan nan nan nan nan nan nan 4431.0 7.0 29.88 0.21 27.19 0.08 nan nan nan nan -0.49 0.104 1.956 0.089 1.022 0.057 1.099 0.03 0.964 0.059 1.267 0.062
"" "" 2M05353124-0523400 3017361074033139200 83.8545 -5.396306 "" 4325.0 7.0 31.86 0.29 -1.27 0.03 -2.4 0.03 nan nan nan nan nan nan nan nan nan nan nan nan 4325.0 7.0 31.86 0.29 109.87 0.77 nan nan nan nan -1.267 0.033 -2.396 0.03 0.929 0.061 0.973 0.035 0.875 0.062 1.108 0.036
"" 504 2M05353124-0523400 3017362620221397248 83.854667 -5.373667 "" 3029.0 7.8 25.85 0.97 -0.02 0.22 -0.32 0.28 nan nan nan nan nan nan nan nan nan nan nan nan 3029.0 7.8 25.85 0.97 8.51 0.82 -0.02 0.22 -0.32 0.28 nan nan nan nan 0.119 0.006 0.127 0.012 0.109 0.006 nan nan
"" "" 2M05353124-0523400 "" 83.854875 -5.398222 "" 3980.3 58.6 27.14 1.76 nan nan nan nan nan nan nan nan nan nan nan nan nan nan nan nan 3980.3 58.6 27.14 1.76 15.5 2.19 nan nan nan nan nan nan nan nan 0.673 0.088 0.658 0.078 0.634 0.086 0.71 0.06
"" 325 2M05353124-0523400 3017360730430635520 83.855583 -5.424861 "" 2861.3 8.2 30.22 0.24 -1.16 0.08 -1.66 0.38 nan nan nan nan nan nan nan nan nan nan nan nan 2861.3 8.2 30.22 0.24 16.46 0.49 -1.16 0.08 -1.66 0.38 nan nan nan nan nan nan 0.058 0.003 nan nan nan nan
"" 13 2M05353124-0523400 3017361069726478976 83.855708 -5.403167 "" 4223.5 17.4 27.17 1.0 -0.14 0.69 -0.42 0.08 nan nan nan nan nan nan nan nan nan nan nan nan 4223.5 17.4 27.17 1.0 18.93 2.36 -0.14 0.69 -0.42 0.08 nan nan nan nan 0.848 0.069 0.866 0.047 0.802 0.07 0.974 0.036
"" "" 2M05353124-0523400 3017365609521331968 83.855958 -5.364306 "" 4188.0 9.0 28.4 0.23 nan nan nan nan nan nan nan nan nan nan nan nan nan nan nan nan 4188.0 9.0 28.4 0.23 29.41 0.72 nan nan nan nan nan nan nan nan 0.822 0.062 0.833 0.04 0.777 0.064 0.932 0.023
"" 91 2M05353124-0523400 3017365609510857344 83.856125 -5.359694 "" 4379.4 7.2 31.67 0.25 0.3 0.15 -1.08 0.17 nan nan nan nan nan nan nan nan nan nan nan nan 4379.4 7.2 31.67 0.25 16.07 0.31 0.3 0.15 -1.08 0.17 nan nan nan nan 0.976 0.06 1.036 0.034 0.92 0.061 1.182 0.041
"" 111 2M05353124-0523400 3017362620221405824 83.857125 -5.385944 "" 4349.1 5.5 26.37 0.31 -0.15 0.17 0.53 0.09 nan nan nan nan nan nan nan nan nan nan nan nan 4349.1 5.5 26.37 0.31 17.91 0.2 -0.15 0.17 0.53 0.09 nan nan nan nan 0.949 0.059 0.999 0.033 0.895 0.061 1.141 0.035
"" 436 2M05353124-0523400 3017360657409619328 83.858333 -5.429917 "" 4151.8 5.9 26.44 0.19 -0.02 0.08 -0.33 0.06 nan nan nan nan nan nan nan nan nan nan nan nan 4151.8 5.9 26.44 0.19 16.04 0.25 -0.02 0.08 -0.33 0.06 nan nan nan nan 0.795 0.059 0.799 0.037 0.75 0.06 0.888 0.016
"" "" 2M05353124-0523400 3017365609517617408 83.858542 -5.355833 "" 4392.0 7.0 31.2 0.19 -0.26 0.07 0.81 0.06 nan nan nan nan nan nan nan nan nan nan nan nan 4392.0 7.0 31.2 0.19 66.77 1.61 nan nan nan nan -0.257 0.067 0.81 0.059 0.987 0.059 1.051 0.033 0.93 0.061 1.199 0.046
"" 106 2M05353124-0523400 3017362620221401856 83.858958 -5.3825 "" 3812.1 8.3 26.5 0.26 0.72 0.13 1.17 0.03 nan nan nan nan nan nan nan nan nan nan nan nan 3812.1 8.3 26.5 0.26 12.48 0.58 0.72 0.13 1.17 0.03 nan nan nan nan 0.555 0.039 0.534 0.032 0.529 0.048 0.559 0.015
"" 350 2M05353124-0523400 3017360833518064768 83.859083 -5.422306 "" 3519.4 47.1 28.33 0.28 0.68 0.08 0.91 0.12 nan nan nan nan nan nan nan nan nan nan nan nan 3519.4 47.1 28.33 0.28 25.72 0.63 0.68 0.08 0.91 0.12 nan nan nan nan 0.371 0.037 0.351 0.035 0.369 0.049 0.325 0.036
"" "" 2M05353124-0523400 3017360661716621696 83.85975 -5.427806 "" 4616.0 10.0 29.74 1.79 nan nan nan nan nan nan nan nan nan nan nan nan nan nan nan nan 4616.0 10.0 29.74 1.79 104.47 1.27 nan nan nan nan nan nan nan nan 1.211 0.038 1.349 0.023 1.151 0.049 1.555 0.112
"" 182 2M05353124-0523400 3017361074033190528 83.862333 -5.400139 "" 3345.3 16.2 26.47 0.42 1.23 0.38 -0.27 0.02 nan nan nan nan nan nan nan nan nan nan nan nan 3345.3 16.2 26.47 0.42 10.65 0.85 1.23 0.38 -0.27 0.02 nan nan nan nan 0.269 0.016 0.263 0.014 0.27 0.015 0.198 0.009
"" "" 2M05353124-0523400 3017361074033180928 83.86375 -5.3935 "" 4284.0 8.0 29.7 0.34 -0.41 0.05 0.12 0.04 nan nan nan nan nan nan nan nan nan nan nan nan 4284.0 8.0 29.7 0.34 30.96 0.15 nan nan nan nan -0.412 0.046 0.118 0.04 0.898 0.062 0.927 0.038 0.845 0.063 1.053 0.035
"" 120 2M05353124-0523400 3017362551501920640 83.867208 -5.385111 "" 3670.8 9.5 26.61 0.89 0.19 0.35 1.16 0.12 nan nan nan nan nan nan nan nan nan nan nan nan 3670.8 9.5 26.61 0.89 58.01 1.07 0.19 0.35 1.16 0.12 nan nan nan nan 0.464 0.026 0.441 0.025 0.446 0.038 0.442 0.01
