catalogs/result_table.ecsv
# %ECSV 1.0
# ---
# datatype:
# - {name: HC2000, datatype: string, description: 'Identifier in [HC2000], Hillenbrand & Carpenter (2000) [2000ApJ...540..236H]'}
# - {name: K19 ID, datatype: int16, description: 'Identifier in Kim et al. (2019) [2019AJ....157..109K]'}
# - {name: APOGEE, datatype: string, description: 'Identifier in APOGEE-2 DR16 [2020AJ....160..120J]'}
# - {name: Gaia DR3, datatype: string, description: 'Identifier in Gaia DR3 [2023A&A...674A...1G]'}
# - {name: RAJ2000, unit: deg, datatype: float64, format: .6f}
# - {name: DEJ2000, unit: deg, datatype: float64, format: .6f}
# - {name: Obs. Date, datatype: string}
# - {name: Teff, unit: K, datatype: float64, format: .1f}
# - {name: e_Teff, unit: K, datatype: float64, format: .1f}
# - {name: RV, unit: km / s, datatype: float64, format: .2f}
# - {name: e_RV, unit: km / s, datatype: float64, format: .2f}
# - {name: pmRA, unit: mas / yr, datatype: float32, format: .2f}
# - {name: e_pmRA, unit: mas / yr, datatype: float32, format: .2f}
# - {name: pmDE, unit: mas / yr, datatype: float32, format: .2f}
# - {name: e_pmDE, unit: mas / yr, datatype: float64, format: .2f}
# - {name: Teff_NIRSPAO, unit: K, datatype: float64, format: .1f}
# - {name: e_Teff_NIRSPAO, unit: K, datatype: float64, format: .1f}
# - {name: RV_NIRSPAO, unit: km / s, datatype: float64, format: .2f}
# - {name: e_RV_NIRSPAO, unit: km / s, datatype: float64, format: .2f}
# - {name: vsini_NIRSPAO, unit: km / s, datatype: float64, format: .2f}
# - {name: e_vsini_NIRSPAO, unit: km / s, datatype: float64, format: .2f}
# - {name: SNR O32, datatype: float64, format: .2f, description: Signal-to-noise ratio in order 32}
# - {name: SNR O33, datatype: float64, format: .2f, description: Signal-to-noise ratio in order 33}
# - {name: SNR O35, datatype: float64, format: .2f, description: Signal-to-noise ratio in order 35}
# - {name: Veil Param O32, datatype: float64, format: .2f, description: 'Veiling parameter in order 32. Defined as in Theissen et al.
#     (2022) [2022ApJ...926..141T]'}
# - {name: Veil Param O33, datatype: float64, format: .2f, description: 'Veiling parameter in order 33. Defined as in Theissen et al.
#     (2022) [2022ApJ...926..141T]'}
# - {name: Veil Param O35, datatype: float64, format: .2f, description: 'Veiling parameter in order 35. Defined as in Theissen et al.
#     (2022) [2022ApJ...926..141T]'}
# - {name: Teff_T22, unit: K, datatype: float64, format: .1f}
# - {name: e_Teff_T22, unit: K, datatype: float64, format: .1f}
# - {name: RV_T22, unit: km / s, datatype: float64, format: .2f}
# - {name: e_RV_T22, unit: km / s, datatype: float64, format: .2f}
# - {name: vsini_T22, unit: km / s, datatype: float64, format: .2f}
# - {name: e_vsini_T22, unit: km / s, datatype: float64, format: .2f}
# - {name: pmRA_K19, unit: mas / yr, datatype: float32, format: .2f}
# - {name: e_pmRA_K19, unit: mas / yr, datatype: float32, format: .2f}
# - {name: pmDE_K19, unit: mas / yr, datatype: float32, format: .2f}
# - {name: e_pmDE_K19, unit: mas / yr, datatype: float64, format: .2f}
# - {name: pmRA_DR3, unit: mas / yr, datatype: float64, format: .3f}
# - {name: e_pmRA_DR3, unit: mas / yr, datatype: float64, format: .3f}
# - {name: pmDE_DR3, unit: mas / yr, datatype: float64, format: .3f}
# - {name: e_pmDE_DR3, unit: mas / yr, datatype: float64, format: .3f}
[...]
#       value: !astropy.table.SerializedColumn {name: pmDE_DR3}
#     pmDE_K19:
#       __class__: astropy.units.quantity.Quantity
#       unit: !astropy.units.Unit {unit: mas / yr}
#       value: !astropy.table.SerializedColumn {name: pmDE_K19}
#     pmRA:
#       __class__: astropy.units.quantity.Quantity
#       unit: !astropy.units.Unit {unit: mas / yr}
#       value: !astropy.table.SerializedColumn {name: pmRA}
#     pmRA_DR3:
#       __class__: astropy.units.quantity.Quantity
#       unit: !astropy.units.Unit {unit: mas / yr}
#       value: !astropy.table.SerializedColumn {name: pmRA_DR3}
#     pmRA_K19:
#       __class__: astropy.units.quantity.Quantity
#       unit: !astropy.units.Unit {unit: mas / yr}
#       value: !astropy.table.SerializedColumn {name: pmRA_K19}
#     vsini_NIRSPAO:
#       __class__: astropy.units.quantity.Quantity
#       unit: !astropy.units.Unit {unit: km / s}
#       value: !astropy.table.SerializedColumn {name: vsini_NIRSPAO}
#     vsini_T22:
#       __class__: astropy.units.quantity.Quantity
#       unit: !astropy.units.Unit {unit: km / s}
#       value: !astropy.table.SerializedColumn {name: vsini_T22}
# schema: astropy-2.0
HC2000 "K19 ID" APOGEE "Gaia DR3" RAJ2000 DEJ2000 "Obs. Date" Teff e_Teff RV e_RV pmRA e_pmRA pmDE e_pmDE Teff_NIRSPAO e_Teff_NIRSPAO RV_NIRSPAO e_RV_NIRSPAO vsini_NIRSPAO e_vsini_NIRSPAO "SNR O32" "SNR O33" "SNR O35" "Veil Param O32" "Veil Param O33" "Veil Param O35" Teff_T22 e_Teff_T22 RV_T22 e_RV_T22 vsini_T22 e_vsini_T22 pmRA_K19 e_pmRA_K19 pmDE_K19 e_pmDE_K19 pmRA_DR3 e_pmRA_DR3 pmDE_DR3 e_pmDE_DR3 M_MIST e_M_MIST M_BHAC15 e_M_BHAC15 M_Feiden e_M_Feiden M_Palla e_M_Palla
[from data line 112]
"" "" 2M05353124-0523400 3017363513575095680 83.785542 -5.421639 "" 4016.0 8.0 23.35 0.19 -1.19 0.06 -1.14 0.04 nan nan nan nan nan nan nan nan nan nan nan nan 4016.0 8.0 23.35 0.19 5.69 0.5 nan nan nan nan -1.186 0.06 -1.143 0.045 0.698 0.055 0.687 0.039 0.656 0.056 0.743 0.01
"" "" 2M05353124-0523400 3017360558637610880 83.785792 -5.438722 "" 2977.0 11.0 26.43 0.43 nan nan nan nan nan nan nan nan nan nan nan nan nan nan nan nan 2977.0 11.0 26.43 0.43 14.62 0.66 nan nan nan nan nan nan nan nan 0.1 0.004 0.102 0.015 nan nan nan nan
"" 50 2M05353124-0523400 3017364235129441280 83.786375 -5.382389 "" 4198.1 10.6 26.21 0.26 1.05 0.42 -1.26 0.26 nan nan nan nan nan nan nan nan nan nan nan nan 4198.1 10.6 26.21 0.26 71.75 0.89 1.05 0.42 -1.26 0.26 nan nan nan nan 0.829 0.064 0.843 0.042 0.784 0.065 0.944 0.026
"" 58 2M05353124-0523400 3017364406927024256 83.790667 -5.357833 "" 4372.2 6.8 27.32 0.4 -1.15 0.21 -2.57 0.29 nan nan nan nan nan nan nan nan nan nan nan nan 4372.2 6.8 27.32 0.4 27.2 0.14 -1.15 0.21 -2.57 0.29 nan nan nan nan 0.969 0.059 1.027 0.034 0.914 0.061 1.172 0.038
"" 359 2M05353124-0523400 3017364406927044224 83.791333 -5.362028 "" 4131.5 32.8 28.57 0.71 -1.17 0.06 -0.23 0.48 nan nan nan nan nan nan nan nan nan nan nan nan 4131.5 32.8 28.57 0.71 14.92 1.73 -1.17 0.06 -0.23 0.48 nan nan nan nan 0.78 0.078 0.782 0.061 0.735 0.079 0.864 0.045
"" 46 2M05353124-0523400 3017364235132386176 83.79225 -5.375722 "" 4021.6 10.8 28.82 0.27 -1.02 0.2 0.73 0.26 nan nan nan nan nan nan nan nan nan nan nan nan 4021.6 10.8 28.82 0.27 24.02 1.33 -1.02 0.2 0.73 0.26 -1.047 0.062 0.632 0.05 0.702 0.057 0.691 0.041 0.66 0.058 0.748 0.012
"" 169 2M05353124-0523400 3017363994614283520 83.792542 -5.389306 "" 4329.2 7.6 25.51 0.34 1.31 0.63 -0.86 0.43 nan nan nan nan nan nan nan nan nan nan nan nan 4329.2 7.6 25.51 0.34 15.92 0.45 1.31 0.63 -0.86 0.43 nan nan nan nan 0.933 0.061 0.977 0.036 0.879 0.063 1.114 0.037
"" 550 2M05353124-0523400 3017366743390014720 83.792875 -5.332306 "" 3449.8 9.3 26.54 0.32 -1.68 0.11 1.67 0.1 nan nan nan nan nan nan nan nan nan nan nan nan 3449.8 9.3 26.54 0.32 24.33 0.54 -1.68 0.11 1.67 0.1 nan nan nan nan 0.33 0.012 0.312 0.012 0.331 0.024 0.274 0.009
"" 519 2M05353124-0523400 3017364406930491136 83.792958 -5.353611 "" 4165.0 7.1 27.14 0.15 1.14 0.07 -0.36 0.12 nan nan nan nan nan nan nan nan nan nan nan nan 4165.0 7.1 27.14 0.15 8.73 1.04 1.14 0.07 -0.36 0.12 0.678 0.054 -0.014 0.043 0.805 0.06 0.811 0.038 0.76 0.062 0.904 0.019
"" 552 2M05353124-0523400 3017366743390012032 83.793375 -5.331194 "" 3445.1 44.0 27.39 0.55 0.82 0.12 -1.53 0.17 nan nan nan nan nan nan nan nan nan nan nan nan 3445.1 44.0 27.39 0.55 19.36 0.24 0.82 0.12 -1.53 0.17 nan nan nan nan 0.328 0.032 0.31 0.031 0.328 0.041 0.27 0.035
"" 595 2M05353124-0523400 3017360554330360064 83.793625 -5.433417 "" 2722.4 220.0 27.74 2.66 -0.59 0.35 -0.2 0.52 nan nan nan nan nan nan nan nan nan nan nan nan 2722.4 220.0 27.74 2.66 19.91 1.37 -0.59 0.35 -0.2 0.52 nan nan nan nan nan nan 0.032 0.044 nan nan nan nan
"" "" 2M05353124-0523400 3017364235129434624 83.79375 -5.379306 "" 4125.8 7.8 24.86 0.29 nan nan nan nan nan nan nan nan nan nan nan nan nan nan nan nan 4125.8 7.8 24.86 0.29 44.03 0.13 nan nan nan nan nan nan nan nan 0.776 0.06 0.777 0.039 0.731 0.061 0.857 0.016
"" "" 2M05353124-0523400 3017360554330360320 83.79375 -5.438417 "" 4504.0 8.0 22.61 0.26 -0.02 0.02 -0.68 0.02 nan nan nan nan nan nan nan nan nan nan nan nan 4504.0 8.0 22.61 0.26 23.52 0.23 nan nan nan nan -0.023 0.021 -0.675 0.016 1.092 0.052 1.195 0.027 1.033 0.056 1.394 0.09
"" 262 2M05353124-0523400 3017364235118751232 83.793875 -5.371278 "" 3728.3 8.8 27.55 0.28 -0.91 0.25 0.89 0.1 nan nan nan nan nan nan nan nan nan nan nan nan 3728.3 8.8 27.55 0.28 23.61 0.36 -0.91 0.25 0.89 0.1 nan nan nan nan 0.5 0.03 0.478 0.027 0.478 0.042 0.489 0.012
"" 251 2M05353124-0523400 "" 83.794208 -5.382194 "" 4244.4 76.7 26.01 1.01 -0.37 0.15 -0.24 0.1 nan nan nan nan nan nan nan nan nan nan nan nan 4244.4 76.7 26.01 1.01 22.11 1.01 -0.37 0.15 -0.24 0.1 nan nan nan nan 0.866 0.115 0.886 0.106 0.816 0.114 0.999 0.112
"" "" 2M05353124-0523400 3017360554330360832 83.794708 -5.441111 "" 3804.0 9.0 28.03 0.26 nan nan nan nan nan nan nan nan nan nan nan nan nan nan nan nan 3804.0 9.0 28.03 0.26 18.25 0.47 nan nan nan nan nan nan nan nan 0.549 0.038 0.529 0.032 0.524 0.048 0.552 0.015
"" 594 2M05353124-0523400 3017360554330361344 83.795125 -5.432472 "" 2924.9 41.4 27.93 0.96 0.58 0.3 2.74 0.45 nan nan nan nan nan nan nan nan nan nan nan nan 2924.9 41.4 27.93 0.96 15.96 1.17 0.58 0.3 2.74 0.45 nan nan nan nan nan nan 0.081 0.025 nan nan nan nan
"" 489 2M05353124-0523400 3017363547934810112 83.795583 -5.4135 "" 3717.0 51.7 24.98 1.48 2.04 0.72 1.94 0.31 nan nan nan nan nan nan nan nan nan nan nan nan 3717.0 51.7 24.98 1.48 28.31 0.28 2.04 0.72 1.94 0.31 1.121 0.175 -0.225 0.129 0.493 0.056 0.471 0.054 0.471 0.065 0.48 0.047
"" "" 2M05353124-0523400 3017360554330362752 83.797875 -5.433972 "" 4370.0 6.0 19.04 0.18 -0.0 0.03 -1.23 0.02 nan nan nan nan nan nan nan nan nan nan nan nan 4370.0 6.0 19.04 0.18 42.42 1.6 nan nan nan nan -0.001 0.033 -1.229 0.025 0.967 0.059 1.024 0.033 0.912 0.061 1.169 0.037
"" 75 2M05353124-0523400 3017364235132349952 83.798458 -5.380972 "" 3054.1 16.4 25.36 0.24 -0.04 0.79 -0.2 0.24 nan nan nan nan nan nan nan nan nan nan nan nan 3054.1 16.4 25.36 0.24 11.06 1.01 -0.04 0.79 -0.2 0.24 nan nan nan nan 0.128 0.01 0.14 0.013 0.121 0.012 nan nan
"" 191 2M05353124-0523400 3017363925891918720 83.798542 -5.405917 "" 3029.6 7.2 25.25 0.14 0.34 0.13 -0.52 0.14 nan nan nan nan nan nan nan nan nan nan nan nan 3029.6 7.2 25.25 0.14 12.41 0.51 0.34 0.13 -0.52 0.14 nan nan nan nan 0.119 0.006 0.128 0.012 0.11 0.006 nan nan
"" 150 2M05353124-0523400 3017364338207717632 83.799083 -5.365417 "" 2929.7 8.1 26.84 1.28 -0.03 0.66 -0.3 0.94 nan nan nan nan nan nan nan nan nan nan nan nan 2929.7 8.1 26.84 1.28 12.07 1.17 -0.03 0.66 -0.3 0.94 nan nan nan nan nan nan 0.086 0.012 nan nan nan nan
"" 38 2M05353124-0523400 3017364441286745728 83.7995 -5.350889 "" 4293.0 5.9 27.48 0.24 -0.25 0.15 0.33 0.52 nan nan nan nan nan nan nan nan nan nan nan nan 4293.0 5.9 27.48 0.24 10.65 0.48 -0.25 0.15 0.33 0.52 nan nan nan nan 0.905 0.06 0.937 0.036 0.851 0.061 1.065 0.033
"" 526 2M05353124-0523400 3017364436980913152 83.801125 -5.345889 "" 3351.5 12.0 28.05 1.13 1.26 0.34 0.46 0.36 nan nan nan nan nan nan nan nan nan nan nan nan 3351.5 12.0 28.05 1.13 7.51 0.52 1.26 0.34 0.46 0.36 nan nan nan nan 0.273 0.014 0.266 0.012 0.274 0.014 0.201 0.008
"" "" 2M05353124-0523400 3017366674670235264 83.802875 -5.326472 "" 3713.0 13.0 30.15 0.19 nan nan nan nan nan nan nan nan nan nan nan nan nan nan nan nan 3713.0 13.0 30.15 0.19 7.39 0.87 nan nan nan nan nan nan nan nan 0.491 0.032 0.468 0.029 0.469 0.043 0.477 0.015
"" 56 2M05353124-0523400 3017364441287008256 83.803208 -5.343028 "" 3054.2 12.1 21.73 0.65 0.71 0.15 0.71 0.2 nan nan nan nan nan nan nan nan nan nan nan nan 3054.2 12.1 21.73 0.65 13.47 0.89 0.71 0.15 0.71 0.2 nan nan nan nan 0.128 0.008 0.14 0.011 0.121 0.01 nan nan
"" 554 2M05353124-0523400 3017365918755641216 83.804333 -5.341722 "" 4249.7 6.8 30.84 0.43 -1.3 0.19 1.12 0.31 nan nan nan nan nan nan nan nan nan nan nan nan 4249.7 6.8 30.84 0.43 19.38 0.23 -1.3 0.19 1.12 0.31 nan nan nan nan 0.87 0.062 0.891 0.037 0.82 0.062 1.006 0.028
"" 261 2M05353124-0523400 3017364338210647424 83.804375 -5.364778 "" 3825.2 14.5 29.92 0.24 -1.65 0.05 -1.42 0.04 nan nan nan nan nan nan nan nan nan nan nan nan 3825.2 14.5 29.92 0.24 9.99 1.21 -1.65 0.05 -1.42 0.04 nan nan nan nan 0.564 0.044 0.543 0.037 0.537 0.053 0.57 0.021
"" "" 2M05353124-0523400 3017363925891922688 83.804958 -5.415389 "" 4296.0 9.0 25.21 0.33 0.19 0.04 -0.7 0.03 nan nan nan nan nan nan nan nan nan nan nan nan 4296.0 9.0 25.21 0.33 26.69 0.38 nan nan nan nan 0.19 0.044 -0.7 0.033 0.907 0.063 0.941 0.039 0.853 0.064 1.069 0.037
"" 109 2M05353124-0523400 3017366674670532608 83.805417 -5.338583 "" 4048.6 5.5 29.6 0.21 -0.02 0.26 1.56 2.06 nan nan nan nan nan nan nan nan nan nan nan nan 4048.6 5.5 29.6 0.21 42.23 0.23 -0.02 0.26 1.56 2.06 nan nan nan nan 0.721 0.055 0.713 0.037 0.678 0.056 0.773 0.007
"" 53 2M05353124-0523400 3017364333901704320 83.805667 -5.373917 "" 3632.0 60.9 25.87 1.45 2.45 0.36 1.29 0.33 nan nan nan nan nan nan nan nan nan nan nan nan 3632.0 60.9 25.87 1.45 13.81 1.69 2.45 0.36 1.29 0.33 nan nan nan nan 0.44 0.054 0.417 0.052 0.427 0.062 0.41 0.05
"" 377 2M05353124-0523400 3017364441286758016 83.805958 -5.352028 "" 3814.0 12.6 30.99 0.22 0.88 0.05 -0.94 0.07 nan nan nan nan nan nan nan nan nan nan nan nan 3814.0 12.6 30.99 0.22 3.85 1.61 0.88 0.05 -0.94 0.07 nan nan nan nan 0.556 0.042 0.536 0.035 0.53 0.051 0.56 0.019
"" 146 2M05353124-0523400 3017364338208367360 83.806333 -5.372083 "" 4058.3 17.6 31.09 0.54 -0.7 0.14 -1.02 0.32 nan nan nan nan nan nan nan nan nan nan nan nan 4058.3 17.6 31.09 0.54 16.49 0.39 -0.7 0.14 -1.02 0.32 -0.549 0.053 -0.369 0.04 0.728 0.064 0.721 0.047 0.684 0.064 0.782 0.019
"" "" 2M05353124-0523400 3017366674673206400 83.80675 -5.331889 "" 4405.0 30.0 30.67 1.39 nan nan nan nan nan nan nan nan nan nan nan nan nan nan nan nan 4405.0 30.0 30.67 1.39 23.53 0.87 nan nan nan nan nan nan nan nan 0.998 0.078 1.067 0.059 0.941 0.081 1.221 0.09
"" "" 2M05353124-0523400 3017366709032962304 83.807458 -5.323722 "" 2838.0 7.0 23.99 0.24 nan nan nan nan nan nan nan nan nan nan nan nan nan nan nan nan 2838.0 7.0 23.99 0.24 15.29 0.92 nan nan nan nan nan nan nan nan nan nan 0.052 0.003 nan nan nan nan
"" 117 2M05353124-0523400 3017364441289907840 83.808208 -5.356472 "" 4053.2 13.7 24.02 0.21 1.21 0.49 -0.58 0.23 nan nan nan nan nan nan nan nan nan nan nan nan 4053.2 13.7 24.02 0.21 9.09 0.41 1.21 0.49 -0.58 0.23 nan nan nan nan 0.725 0.061 0.717 0.044 0.681 0.061 0.777 0.015
"" "" 2M05353124-0523400 3017366670363916928 83.808542 -5.331111 "" 4267.0 7.0 23.78 0.15 0.27 0.02 1.19 0.02 nan nan nan nan nan nan nan nan nan nan nan nan 4267.0 7.0 23.78 0.15 12.32 0.28 nan nan nan nan 0.268 0.025 1.192 0.02 0.884 0.062 0.909 0.037 0.832 0.062 1.03 0.031
"" "" 2M05353124-0523400 3017366674659583616 83.809208 -5.3345 "" 4091.0 12.0 26.68 0.3 nan nan nan nan nan nan nan nan nan nan nan nan nan nan nan nan 4091.0 12.0 26.68 0.3 12.38 0.4 nan nan nan nan nan nan nan nan 0.751 0.061 0.748 0.043 0.707 0.062 0.816 0.018
"" 236 2M05353124-0523400 3017364132050195072 83.811042 -5.383833 "" 4038.5 12.7 30.78 0.31 1.17 0.69 -0.94 0.35 nan nan nan nan nan nan nan nan nan nan nan nan 4038.5 12.7 30.78 0.31 14.62 0.46 1.17 0.69 -0.94 0.35 nan nan nan nan 0.714 0.059 0.705 0.043 0.671 0.06 0.763 0.013
"" 319 2M05353124-0523400 3017364441287283328 83.811292 -5.35175 "" 4354.1 28.4 29.72 0.85 -0.58 0.02 -0.82 0.05 nan nan nan nan nan nan nan nan nan nan nan nan 4354.1 28.4 29.72 0.85 17.89 0.69 -0.58 0.02 -0.82 0.05 nan nan nan nan 0.954 0.078 1.005 0.058 0.899 0.079 1.147 0.067
"" "" 2M05353124-0523400 3017360966647238272 83.81475 -5.420556 "" 4277.0 9.0 36.71 1.67 -0.07 0.05 1.3 0.04 nan nan nan nan nan nan nan nan nan nan nan nan 4277.0 9.0 36.71 1.67 95.71 0.6 nan nan nan nan -0.071 0.049 1.296 0.04 0.892 0.063 0.92 0.039 0.84 0.064 1.043 0.036
"" 616 2M05353124-0523400 3017360902234947328 83.815292 -5.425861 "" 3951.4 9.3 25.57 0.48 0.09 0.2 -0.74 0.11 nan nan nan nan nan nan nan nan nan nan nan nan 3951.4 9.3 25.57 0.48 22.09 0.74 0.09 0.2 -0.74 0.11 0.765 0.037 0.431 0.03 0.653 0.052 0.636 0.04 0.616 0.054 0.683 0.015
"" "" 2M05353124-0523400 3017360524277847168 83.815458 -5.441194 "" 3875.0 37.0 25.79 1.34 -0.73 0.08 -0.89 0.06 nan nan nan nan nan nan nan nan nan nan nan nan 3875.0 37.0 25.79 1.34 8.89 1.08 nan nan nan nan -0.728 0.075 -0.89 0.056 0.6 0.065 0.578 0.055 0.568 0.069 0.612 0.042
"" 241 2M05353124-0523400 3017364132052914560 83.816125 -5.375778 "" 3022.4 39.1 30.63 1.45 0.24 0.15 1.21 0.17 nan nan nan nan nan nan nan nan nan nan nan nan 3022.4 39.1 30.63 1.45 8.83 1.63 0.24 0.15 1.21 0.17 nan nan nan nan 0.117 0.018 0.124 0.024 0.106 0.019 nan nan
"" 517 2M05353124-0523400 3017365914449685888 83.816917 -5.343417 "" 4163.8 8.7 23.56 0.22 0.55 0.25 1.44 0.24 nan nan nan nan nan nan nan nan nan nan nan nan 4163.8 8.7 23.56 0.22 16.04 1.49 0.55 0.25 1.44 0.24 nan nan nan nan 0.804 0.062 0.81 0.04 0.759 0.063 0.903 0.02
"" 173 2M05353124-0523400 3017363960238504320 83.817042 -5.403111 "" 3463.7 13.2 23.01 0.24 -1.73 0.13 -0.79 0.12 nan nan nan nan nan nan nan nan nan nan nan nan 3463.7 13.2 23.01 0.24 33.2 0.69 -1.73 0.13 -0.79 0.12 nan nan nan nan 0.338 0.015 0.32 0.015 0.339 0.027 0.284 0.012
"" "" 2M05353124-0523400 3017366709030057600 83.819208 -5.326583 "" 4098.0 11.0 28.54 0.36 nan nan nan nan nan nan nan nan nan nan nan nan nan nan nan nan 4098.0 11.0 28.54 0.36 19.85 0.33 nan nan nan nan nan nan nan nan 0.756 0.061 0.754 0.042 0.712 0.062 0.824 0.017
"" 451 2M05353124-0523400 3017360902223932544 83.820583 -5.429694 "" 3660.9 13.8 29.4 0.37 0.31 0.04 -0.91 0.06 nan nan nan nan nan nan nan nan nan nan nan nan 3660.9 13.8 29.4 0.37 54.77 1.18 0.31 0.04 -0.91 0.06 0.724 0.064 -0.251 0.05 0.458 0.027 0.435 0.027 0.441 0.04 0.434 0.013
"" "" 2M05353124-0523400 3017364372568073472 83.820708 -5.362556 "" 6998.0 2.0 47.39 3.56 -0.75 0.01 1.52 0.01 nan nan nan nan nan nan nan nan nan nan nan nan 6998.0 2.0 47.39 3.56 299.48 0.88 nan nan nan nan -0.752 0.014 1.523 0.012 2.877 0.598 nan nan 2.966 0.628 2.43 0.288
"" 331 2M05353124-0523400 3017360970946141952 83.821333 -5.41625 "" 3023.5 7.8 26.6 0.25 -0.8 0.29 -0.85 0.07 nan nan nan nan nan nan nan nan nan nan nan nan 3023.5 7.8 26.6 0.25 15.66 0.29 -0.8 0.29 -0.85 0.07 nan nan nan nan 0.117 0.006 0.124 0.013 0.107 0.006 nan nan
"" 529 2M05353124-0523400 3017365918755884672 83.82175 -5.341028 "" 3812.7 11.9 24.01 1.76 -0.22 0.09 -0.27 0.12 nan nan nan nan nan nan nan nan nan nan nan nan 3812.7 11.9 24.01 1.76 13.15 1.46 -0.22 0.09 -0.27 0.12 0.114 0.045 1.04 0.037 0.555 0.041 0.535 0.035 0.529 0.05 0.559 0.018
"" 505 2M05353124-0523400 3017365953118751232 83.822333 -5.337472 "" 4078.6 11.4 27.15 0.44 -0.71 0.16 -0.31 0.12 nan nan nan nan nan nan nan nan nan nan nan nan 4078.6 11.4 27.15 0.44 7.13 0.85 -0.71 0.16 -0.31 0.12 nan nan nan nan 0.742 0.06 0.738 0.042 0.698 0.061 0.801 0.015
"" 619 2M05353124-0523400 3017360897927766016 83.822333 -5.429056 "" 4098.0 10.5 27.12 0.4 0.93 0.1 0.24 0.1 nan nan nan nan nan nan nan nan nan nan nan nan 4098.0 10.5 27.12 0.4 8.37 1.64 0.93 0.1 0.24 0.1 nan nan nan nan 0.756 0.06 0.754 0.041 0.712 0.061 0.824 0.016
"" 618 2M05353124-0523400 3017360902234944000 83.823083 -5.428528 "" 4185.2 10.9 24.34 0.25 -1.0 0.15 -0.39 0.17 nan nan nan nan nan nan nan nan nan nan nan nan 4185.2 10.9 24.34 0.25 23.47 0.32 -1.0 0.15 -0.39 0.17 -0.127 0.049 -0.128 0.039 0.82 0.064 0.83 0.042 0.775 0.065 0.928 0.025
"" 453 2M05353124-0523400 3017360902234838528 83.82475 -5.426056 "" 3638.9 8.8 26.73 0.5 0.5 0.04 1.11 2.8 nan nan nan nan nan nan nan nan nan nan nan nan 3638.9 8.8 26.73 0.5 27.37 0.38 0.5 0.04 1.11 2.8 nan nan nan nan 0.444 0.022 0.421 0.023 0.43 0.036 0.415 0.008
"" "" 2M05353124-0523400 3017360318119414784 83.824875 -5.447389 "" 2961.0 14.0 25.16 0.32 nan nan nan nan nan nan nan nan nan nan nan nan nan nan nan nan 2961.0 14.0 25.16 0.32 7.41 0.63 nan nan nan nan nan nan nan nan nan nan 0.097 0.015 nan nan nan nan
"" 112 2M05353124-0523400 3017361005314028800 83.825833 -5.408389 "" 2858.1 13.4 25.21 1.62 0.79 0.19 2.27 0.12 nan nan nan nan nan nan nan nan nan nan nan nan 2858.1 13.4 25.21 1.62 39.54 0.91 0.79 0.19 2.27 0.12 nan nan nan nan nan nan 0.058 0.005 nan nan nan nan
