catalogs/result_table.ecsv
# %ECSV 1.0
# ---
# datatype:
# - {name: HC2000, datatype: string, description: 'Identifier in [HC2000], Hillenbrand & Carpenter (2000) [2000ApJ...540..236H]'}
# - {name: K19 ID, datatype: int16, description: 'Identifier in Kim et al. (2019) [2019AJ....157..109K]'}
# - {name: APOGEE, datatype: string, description: 'Identifier in APOGEE-2 DR16 [2020AJ....160..120J]'}
# - {name: Gaia DR3, datatype: string, description: 'Identifier in Gaia DR3 [2023A&A...674A...1G]'}
# - {name: RAJ2000, unit: deg, datatype: float64, format: .6f}
# - {name: DEJ2000, unit: deg, datatype: float64, format: .6f}
# - {name: Obs. Date, datatype: string}
# - {name: Teff, unit: K, datatype: float64, format: .1f}
# - {name: e_Teff, unit: K, datatype: float64, format: .1f}
# - {name: RV, unit: km / s, datatype: float64, format: .2f}
# - {name: e_RV, unit: km / s, datatype: float64, format: .2f}
# - {name: pmRA, unit: mas / yr, datatype: float32, format: .2f}
# - {name: e_pmRA, unit: mas / yr, datatype: float32, format: .2f}
# - {name: pmDE, unit: mas / yr, datatype: float32, format: .2f}
# - {name: e_pmDE, unit: mas / yr, datatype: float64, format: .2f}
# - {name: Teff_NIRSPAO, unit: K, datatype: float64, format: .1f}
# - {name: e_Teff_NIRSPAO, unit: K, datatype: float64, format: .1f}
# - {name: RV_NIRSPAO, unit: km / s, datatype: float64, format: .2f}
# - {name: e_RV_NIRSPAO, unit: km / s, datatype: float64, format: .2f}
# - {name: vsini_NIRSPAO, unit: km / s, datatype: float64, format: .2f}
# - {name: e_vsini_NIRSPAO, unit: km / s, datatype: float64, format: .2f}
# - {name: SNR O32, datatype: float64, format: .2f, description: Signal-to-noise ratio in order 32}
# - {name: SNR O33, datatype: float64, format: .2f, description: Signal-to-noise ratio in order 33}
# - {name: SNR O35, datatype: float64, format: .2f, description: Signal-to-noise ratio in order 35}
# - {name: Veil Param O32, datatype: float64, format: .2f, description: 'Veiling parameter in order 32. Defined as in Theissen et al.
#     (2022) [2022ApJ...926..141T]'}
# - {name: Veil Param O33, datatype: float64, format: .2f, description: 'Veiling parameter in order 33. Defined as in Theissen et al.
#     (2022) [2022ApJ...926..141T]'}
# - {name: Veil Param O35, datatype: float64, format: .2f, description: 'Veiling parameter in order 35. Defined as in Theissen et al.
#     (2022) [2022ApJ...926..141T]'}
# - {name: Teff_T22, unit: K, datatype: float64, format: .1f}
# - {name: e_Teff_T22, unit: K, datatype: float64, format: .1f}
# - {name: RV_T22, unit: km / s, datatype: float64, format: .2f}
# - {name: e_RV_T22, unit: km / s, datatype: float64, format: .2f}
# - {name: vsini_T22, unit: km / s, datatype: float64, format: .2f}
# - {name: e_vsini_T22, unit: km / s, datatype: float64, format: .2f}
# - {name: pmRA_K19, unit: mas / yr, datatype: float32, format: .2f}
# - {name: e_pmRA_K19, unit: mas / yr, datatype: float32, format: .2f}
# - {name: pmDE_K19, unit: mas / yr, datatype: float32, format: .2f}
# - {name: e_pmDE_K19, unit: mas / yr, datatype: float64, format: .2f}
# - {name: pmRA_DR3, unit: mas / yr, datatype: float64, format: .3f}
# - {name: e_pmRA_DR3, unit: mas / yr, datatype: float64, format: .3f}
# - {name: pmDE_DR3, unit: mas / yr, datatype: float64, format: .3f}
# - {name: e_pmDE_DR3, unit: mas / yr, datatype: float64, format: .3f}
[...]
#       value: !astropy.table.SerializedColumn {name: pmDE_DR3}
#     pmDE_K19:
#       __class__: astropy.units.quantity.Quantity
#       unit: !astropy.units.Unit {unit: mas / yr}
#       value: !astropy.table.SerializedColumn {name: pmDE_K19}
#     pmRA:
#       __class__: astropy.units.quantity.Quantity
#       unit: !astropy.units.Unit {unit: mas / yr}
#       value: !astropy.table.SerializedColumn {name: pmRA}
#     pmRA_DR3:
#       __class__: astropy.units.quantity.Quantity
#       unit: !astropy.units.Unit {unit: mas / yr}
#       value: !astropy.table.SerializedColumn {name: pmRA_DR3}
#     pmRA_K19:
#       __class__: astropy.units.quantity.Quantity
#       unit: !astropy.units.Unit {unit: mas / yr}
#       value: !astropy.table.SerializedColumn {name: pmRA_K19}
#     vsini_NIRSPAO:
#       __class__: astropy.units.quantity.Quantity
#       unit: !astropy.units.Unit {unit: km / s}
#       value: !astropy.table.SerializedColumn {name: vsini_NIRSPAO}
#     vsini_T22:
#       __class__: astropy.units.quantity.Quantity
#       unit: !astropy.units.Unit {unit: km / s}
#       value: !astropy.table.SerializedColumn {name: vsini_T22}
# schema: astropy-2.0
HC2000 "K19 ID" APOGEE "Gaia DR3" RAJ2000 DEJ2000 "Obs. Date" Teff e_Teff RV e_RV pmRA e_pmRA pmDE e_pmDE Teff_NIRSPAO e_Teff_NIRSPAO RV_NIRSPAO e_RV_NIRSPAO vsini_NIRSPAO e_vsini_NIRSPAO "SNR O32" "SNR O33" "SNR O35" "Veil Param O32" "Veil Param O33" "Veil Param O35" Teff_T22 e_Teff_T22 RV_T22 e_RV_T22 vsini_T22 e_vsini_T22 pmRA_K19 e_pmRA_K19 pmDE_K19 e_pmDE_K19 pmRA_DR3 e_pmRA_DR3 pmDE_DR3 e_pmDE_DR3 M_MIST e_M_MIST M_BHAC15 e_M_BHAC15 M_Feiden e_M_Feiden M_Palla e_M_Palla
"HC2000 322" "" "" 3017364063323188864 83.817875 -5.387944 2015-12-23 3373.5 24.8 24.94 0.57 0.48 0.13 -0.06 0.11 3373.5 24.8 24.94 0.57 37.44 0.79 47.8 72.87 nan 0.06 0.06 nan nan nan nan nan nan nan nan nan nan nan 0.484 0.13 -0.065 0.107 0.286 0.021 0.276 0.018 0.287 0.023 0.217 0.019
"HC2000 259" "" "" 3017364059023817600 83.821125 -5.392778 2015-12-23 3434.2 33.7 28.02 0.64 nan nan nan nan 3434.2 33.7 28.02 0.64 32.82 1.03 40.14 61.43 nan 0.58 0.51 nan nan nan nan nan nan nan nan nan nan nan nan nan nan nan 0.321 0.026 0.303 0.025 0.322 0.035 0.262 0.027
"HC2000 213" "" "" 3017363955944598016 83.816458 -5.397194 2015-12-23 3150.4 143.9 11.97 2.7 nan nan nan nan 3150.4 143.9 11.97 2.7 24.83 4.85 45.94 65.35 nan 5.73 4.87 nan nan nan nan nan nan nan nan nan nan nan nan nan nan nan 0.167 0.067 0.18 0.071 0.169 0.071 0.127 0.028
"HC2000 291B" 211 "" "" 83.816 -5.390444 2015-12-24 3171.1 29.0 29.05 0.38 1.1 0.45 -1.63 0.07 3171.1 29.0 29.05 0.38 16.17 0.77 42.85 65.97 nan 0.46 0.39 nan nan nan nan nan nan nan 1.1 0.45 -1.63 0.07 nan nan nan nan 0.176 0.015 0.188 0.016 0.179 0.024 0.135 0.012
"HC2000 252" 118 "" 3017364063325263360 83.82075 -5.393639 2015-12-24 3162.3 112.5 24.73 1.28 2.97 0.37 2.67 1.38 3162.3 112.5 24.73 1.28 15.57 2.36 59.13 82.37 nan 6.18 5.25 nan nan nan nan nan nan nan 2.97 0.37 2.67 1.38 nan nan nan nan 0.172 0.054 0.184 0.055 0.175 0.058 0.131 0.022
"HC2000 250" 197 "" 3017363960253005056 83.81625 -5.393889 2015-12-24 2977.7 55.1 30.13 0.42 1.7 0.4 -3.85 1.18 2977.7 55.1 30.13 0.42 15.47 0.8 12.34 20.72 nan 0.43 0.36 nan nan nan nan nan nan nan 1.7 0.4 -3.85 1.18 nan nan nan nan 0.1 0.012 0.102 0.03 nan nan nan nan
"HC2000 244" 180 "" 3017363960246048384 83.821083 -5.394389 2015-12-24 3392.2 17.7 28.13 0.32 -0.02 0.15 0.83 0.4 3392.2 17.7 28.13 0.32 21.54 0.31 43.61 67.89 nan 0.02 0.02 nan nan nan nan nan nan nan -0.02 0.15 0.83 0.4 -1.363 0.081 -0.064 0.072 0.298 0.016 0.284 0.015 0.298 0.022 0.231 0.016
"HC2000 261" 206 "" 3017363960251927936 83.814083 -5.392611 2015-12-24 3358.7 17.7 26.29 0.2 -0.72 0.24 0.87 0.12 3358.7 17.7 26.29 0.2 0.58 0.69 16.1 28.92 nan 0.0 0.0 nan nan nan nan nan nan nan -0.72 0.24 0.87 0.12 -1.153 0.282 0.341 0.242 0.277 0.017 0.269 0.015 0.278 0.018 0.206 0.013
"HC2000 248" 200 "" "" 83.815667 -5.394 2016-12-14 3379.4 40.0 27.06 1.06 1.81 0.43 -2.83 0.2 3379.4 40.0 27.06 1.06 39.14 1.47 19.01 28.18 nan 0.37 0.32 nan nan nan nan nan nan nan 1.81 0.43 -2.83 0.2 nan nan nan nan 0.29 0.03 0.278 0.026 0.29 0.032 0.222 0.029
"HC2000 223" 164 "" 3017363960241964032 83.814333 -5.395972 2016-12-14 3345.9 20.9 27.35 0.29 1.1 0.08 -0.68 0.23 3345.9 20.9 27.35 0.29 10.62 0.7 30.42 46.01 nan 0.34 0.3 nan nan nan nan nan nan nan 1.1 0.08 -0.68 0.23 1.269 0.094 -1.077 0.076 0.27 0.019 0.264 0.017 0.27 0.018 0.198 0.012
"HC2000 219" 87 "" 3017363960251388288 83.813167 -5.396306 2016-12-14 3480.2 39.8 23.75 0.6 1.87 0.06 -0.65 0.02 3480.2 39.8 23.75 0.6 20.82 0.93 16.45 27.21 nan 0.46 0.4 nan nan nan nan nan nan nan 1.87 0.06 -0.65 0.02 1.724 0.335 -0.538 0.236 0.348 0.031 0.329 0.03 0.348 0.042 0.296 0.031
"HC2000 324" 226 "" 3017364028960744704 83.811833 -5.387778 2016-12-14 3435.8 29.3 30.7 0.32 0.7 0.55 -1.87 0.04 3435.8 29.3 30.7 0.32 4.3 1.5 8.52 15.76 nan 0.0 0.0 nan nan nan nan nan nan nan 0.7 0.55 -1.87 0.04 nan nan nan nan 0.322 0.023 0.304 0.022 0.323 0.033 0.264 0.024
"HC2000 295" "" "" 3017364063325260160 83.823208 -5.39025 2018-02-11 3506.9 65.0 20.69 0.95 nan nan nan nan 3506.9 65.0 20.69 0.95 24.25 1.36 13.12 20.31 nan 0.79 0.69 nan nan nan nan nan nan nan nan nan nan nan nan nan nan nan 0.364 0.047 0.344 0.044 0.362 0.057 0.316 0.05
"HC2000 313" 198 "" 3017364063328048000 83.822792 -5.389194 2018-02-11 3564.9 74.1 26.21 0.37 1.07 0.86 3.21 0.2 3564.9 74.1 26.21 0.37 10.41 1.02 13.99 21.76 nan 0.73 0.63 nan nan nan nan nan nan nan 1.07 0.86 3.21 0.2 -0.881 0.162 2.315 0.132 0.398 0.056 0.377 0.054 0.393 0.065 0.359 0.057
"HC2000 332" 183 2M05353124-0523400 3017364059023821696 83.82425 -5.387667 2018-02-11 3997.3 36.1 25.45 0.27 -1.61 0.17 0.6 0.38 3997.3 36.1 25.45 0.27 16.47 0.4 14.07 23.92 nan 0.0 0.0 nan 4098.6 13.7 25.69 0.55 18.31 0.61 -1.61 0.17 0.6 0.38 -1.451 0.043 0.351 0.042 0.685 0.073 0.672 0.062 0.644 0.073 0.725 0.038
"HC2000 331" 121 "" 3017364063325254528 83.826042 -5.387694 2018-02-11 3597.6 103.1 31.43 0.7 1.26 0.24 1.03 0.04 3597.6 103.1 31.43 0.7 18.59 1.14 11.77 19.28 nan 0.74 0.64 nan nan nan nan nan nan nan 1.26 0.24 1.03 0.04 0.755 0.165 0.713 0.164 0.418 0.077 0.395 0.074 0.41 0.081 0.383 0.083
"HC2000 337" "" 2M05353124-0523400 3017364059023825280 83.827792 -5.387222 2018-02-11 4652.1 284.4 31.91 0.28 -0.22 0.04 0.07 0.04 4652.1 284.4 31.91 0.28 20.24 10.44 36.3 50.45 63.83 7.35 6.38 5.48 5103.0 5.0 31.91 0.28 39.12 1.17 nan nan nan nan -0.218 0.04 0.072 0.036 1.252 0.415 1.399 0.205 1.197 0.423 1.593 0.503
"HC2000 375" 560 2M05353124-0523400 3017364063330453504 83.82075 -5.383611 2018-02-11 4040.9 115.3 32.6 0.56 0.78 0.13 1.15 0.04 4040.9 115.3 32.6 0.56 26.45 0.87 22.25 34.68 nan 0.54 0.48 nan 4228.8 6.2 33.28 0.3 29.65 0.73 0.78 0.13 1.15 0.04 1.421 0.041 1.087 0.037 0.716 0.131 0.707 0.126 0.673 0.128 0.766 0.126
"HC2000 388" 532 "" 3017364063333454336 83.823167 -5.382444 2018-02-11 4234.5 141.4 30.44 0.44 0.65 0.23 0.35 0.04 4234.5 141.4 30.44 0.44 18.14 0.78 16.94 26.77 nan 0.65 0.57 nan nan nan nan nan nan nan 0.65 0.23 0.35 0.04 nan nan nan nan 0.857 0.163 0.877 0.169 0.81 0.161 0.987 0.188
"HC2000 425" "" "" 3017364127743299328 83.824792 -5.379306 2018-02-12 3546.2 20.3 24.69 0.33 2.37 0.03 2.67 0.03 3546.2 20.3 24.69 0.33 21.56 0.32 45.96 65.59 nan 0.0 0.0 nan nan nan nan nan nan nan nan nan nan nan 2.368 0.034 2.666 0.03 0.387 0.022 0.366 0.022 0.383 0.037 0.345 0.016
"HC2000 713" "" "" 3017364063333443328 83.827958 -5.382472 2018-02-12 4698.5 184.7 23.0 0.49 -0.59 0.04 1.89 0.04 4698.5 184.7 23.0 0.49 6.91 1.81 29.19 40.88 nan 2.31 2.04 nan nan nan nan nan nan nan nan nan nan nan -0.587 0.04 1.894 0.035 1.307 0.284 nan nan 1.253 0.28 1.642 0.375
"HC2000 408" 143 "" 3017364097690179712 83.830083 -5.38075 2018-02-12 3543.6 46.2 22.87 1.09 -1.51 0.71 -1.07 0.1 3543.6 46.2 22.87 1.09 50.45 1.41 19.25 30.77 nan 0.01 0.01 nan nan nan nan nan nan nan -1.51 0.71 -1.07 0.1 -1.105 0.056 -0.14 0.049 0.386 0.038 0.365 0.036 0.382 0.05 0.343 0.036
"HC2000 410" 62 "" 3017364132041596288 83.821333 -5.380583 2018-02-12 3825.3 101.8 22.17 1.53 -0.85 0.29 0.32 0.12 3825.3 101.8 22.17 1.53 58.78 1.84 10.03 18.01 nan 0.01 0.01 nan nan nan nan nan nan nan -0.85 0.29 0.32 0.12 -0.214 0.091 0.269 0.079 0.564 0.102 0.544 0.096 0.537 0.104 0.57 0.093
"HC2000 436" "" "" 3017364162103039104 83.826583 -5.377083 2018-02-12 3707.8 65.2 32.6 0.28 0.54 0.03 0.7 0.02 3707.8 65.2 32.6 0.28 16.28 0.67 27.77 42.45 nan 0.15 0.13 nan nan nan nan nan nan nan nan nan nan nan 0.544 0.026 0.705 0.022 0.487 0.063 0.465 0.063 0.466 0.072 0.472 0.058
"HC2000 354B2" "" "" 3017364132049943680 83.817125 -5.385222 2018-02-13 5017.1 200.5 27.67 1.6 -0.32 0.04 1.2 0.03 5017.1 200.5 27.67 1.6 17.41 2.73 61.79 83.89 nan 3.26 2.87 nan nan nan nan nan nan nan nan nan nan nan -0.323 0.035 1.2 0.028 1.741 0.52 nan nan 1.697 0.546 1.98 0.404
"HC2000 354B3" "" "" 3017364132049943680 83.817125 -5.385222 2018-02-13 5010.1 213.3 27.8 1.81 -0.32 0.04 1.2 0.03 5010.1 213.3 27.8 1.81 17.84 3.4 61.79 83.89 nan 3.19 2.82 nan nan nan nan nan nan nan nan nan nan nan -0.323 0.035 1.2 0.028 1.731 0.538 nan nan 1.687 0.564 1.973 0.414
"HC2000 354B1" "" "" 3017364132049943680 83.817125 -5.385222 2018-02-13 6728.7 217.4 49.91 4.88 -0.32 0.04 1.2 0.03 6728.7 217.4 49.91 4.88 27.19 6.72 48.05 66.94 nan 0.28 0.25 nan nan nan nan nan nan nan nan nan nan nan -0.323 0.035 1.2 0.028 2.849 0.619 nan nan 2.937 0.65 2.371 0.31
"HC2000 354B4" "" "" 3017364132049943680 83.817125 -5.385222 2018-02-13 2666.3 266.2 22.82 2.65 -0.32 0.04 1.2 0.03 2666.3 266.2 22.82 2.65 63.07 3.95 8.42 18.83 nan 0.02 0.01 nan nan nan nan nan nan nan nan nan nan nan -0.323 0.035 1.2 0.028 nan nan 0.027 0.044 nan nan nan nan
"HC2000 522A" 642 "" 3017364166401422336 83.817875 -5.369556 2019-01-12 3414.9 19.2 25.04 0.47 -0.69 0.11 0.48 0.33 3414.9 19.2 25.04 0.47 33.98 0.72 21.62 30.3 nan 0.34 0.29 nan nan nan nan nan nan nan -0.69 0.11 0.48 0.33 nan nan nan nan 0.31 0.017 0.294 0.016 0.311 0.025 0.248 0.016
"HC2000 522B" 642 "" 3017364166401422336 83.817875 -5.369556 2019-01-12 3134.4 37.8 24.26 0.65 -0.69 0.11 0.48 0.33 3134.4 37.8 24.26 0.65 21.84 1.26 12.46 20.0 nan 1.0 0.85 nan nan nan nan nan nan nan -0.69 0.11 0.48 0.33 nan nan nan nan 0.159 0.019 0.173 0.018 0.161 0.027 0.121 0.015
"HC2000 145" 286 "" 3017363960254402560 83.816292 -5.404972 2019-01-12 3422.4 202.7 23.44 2.5 0.2 0.32 -1.0 0.15 3422.4 202.7 23.44 2.5 14.49 7.65 1.97 4.7 nan 0.67 0.58 nan nan nan nan nan nan nan 0.2 0.32 -1.0 0.15 nan nan nan nan 0.314 0.124 0.298 0.116 0.315 0.125 0.254 0.127
"HC2000 202" 615 "" 3017363960246056064 83.816667 -5.398056 2019-01-12 3397.4 23.6 25.72 0.64 2.8 0.06 -1.56 0.08 3397.4 23.6 25.72 0.64 40.41 0.99 27.22 36.42 nan 0.67 0.58 nan nan nan nan nan nan nan 2.8 0.06 -1.56 0.08 1.275 0.061 -1.053 0.049 0.301 0.02 0.286 0.018 0.301 0.026 0.235 0.02
"HC2000 188" 559 "" 3017361108392966912 83.83175 -5.39925 2019-01-12 3524.3 24.1 29.52 0.22 0.41 0.52 -0.83 0.18 3524.3 24.1 29.52 0.22 7.49 0.41 9.65 19.04 nan 0.0 0.0 nan nan nan nan nan nan nan 0.41 0.52 -0.83 0.18 0.654 0.097 -1.777 0.069 0.374 0.023 0.354 0.023 0.371 0.037 0.329 0.019
"HC2000 302" 221 "" 3017364028961454080 83.811333 -5.389694 2019-01-13 3560.2 14.3 29.19 0.17 -0.24 0.4 0.71 0.13 3560.2 14.3 29.19 0.17 14.22 0.52 33.53 33.74 nan 0.55 0.48 nan nan nan nan nan nan nan -0.24 0.4 0.71 0.13 nan nan nan nan 0.396 0.02 0.374 0.019 0.39 0.034 0.356 0.012
"HC2000 275" 65 "" 3017363955944591872 83.812208 -5.391417 2019-01-13 3874.4 16.5 30.84 0.12 -1.18 0.14 1.19 0.06 3874.4 16.5 30.84 0.12 17.83 0.2 52.35 56.58 nan 0.0 0.0 nan nan nan nan nan nan nan -1.18 0.14 1.19 0.06 nan nan nan nan 0.599 0.051 0.578 0.041 0.568 0.056 0.611 0.025
"HC2000 245" "" "" 3017363960237919616 83.812292 -5.39425 2019-01-13 3917.0 21.7 31.22 0.13 -0.73 0.04 -0.44 0.04 3917.0 21.7 31.22 0.13 17.36 0.22 37.9 40.76 nan 0.0 0.0 nan nan nan nan nan nan nan nan nan nan nan -0.734 0.044 -0.439 0.037 0.629 0.058 0.609 0.047 0.594 0.06 0.651 0.029
"HC2000 258" 521 2M05353124-0523400 3017364028970884864 83.81 -5.392694 2019-01-13 3587.8 17.4 28.03 0.14 -0.11 0.23 -1.65 0.03 3587.8 17.4 28.03 0.14 7.54 0.43 42.77 45.38 nan 0.97 0.84 nan 4131.0 25.3 26.01 0.79 27.82 0.55 -0.11 0.23 -1.65 0.03 0.294 0.051 -1.645 0.039 0.412 0.023 0.39 0.023 0.405 0.038 0.376 0.014
"HC2000 220" 23 "" 3017363960254400128 83.81175 -5.39625 2019-01-13 3505.3 12.6 33.54 0.12 -1.66 0.4 0.08 0.13 3505.3 12.6 33.54 0.12 9.35 0.68 22.48 25.2 nan 0.03 0.03 nan nan nan nan nan nan nan -1.66 0.4 0.08 0.13 nan nan nan nan 0.363 0.016 0.343 0.016 0.361 0.03 0.315 0.011
"HC2000 344" "" "" 3017364127743288704 83.815708 -5.386083 2019-01-13 3764.9 103.1 -3.12 1.12 -0.26 0.02 1.11 0.02 3764.9 103.1 -3.12 1.12 97.98 1.25 127.17 134.32 nan 1.14 1.0 nan nan nan nan nan nan nan nan nan nan nan -0.258 0.016 1.108 0.015 0.524 0.095 0.501 0.092 0.5 0.1 0.52 0.091
"HC2000 370" 227 "" 3017364132046212224 83.816167 -5.383889 2019-01-16 3848.7 28.6 31.16 0.17 0.01 0.74 -0.46 0.09 3848.7 28.6 31.16 0.17 14.74 0.44 33.45 35.24 nan 0.77 0.67 nan nan nan nan nan nan nan 0.01 0.74 -0.46 0.09 -0.013 0.074 -1.813 0.052 0.581 0.056 0.56 0.048 0.552 0.062 0.589 0.034
"HC2000 389" "" 2M05353124-0523400 3017364127743288320 83.815167 -5.382333 2019-01-16 3576.1 17.8 30.89 0.34 -0.5 0.03 1.45 0.02 3576.1 17.8 30.89 0.34 27.58 0.51 90.45 93.99 nan 0.75 0.65 nan 4468.0 6.0 30.29 1.22 28.65 0.32 nan nan nan nan -0.496 0.026 1.446 0.021 0.405 0.023 0.383 0.022 0.399 0.037 0.367 0.014
"HC2000 386" "" "" 3017364127743285376 83.813625 -5.382417 2019-01-16 3684.9 15.0 27.94 0.14 0.67 0.03 -0.07 0.02 3684.9 15.0 27.94 0.14 12.53 0.13 41.02 45.2 nan 0.08 0.07 nan nan nan nan nan nan nan nan nan nan nan 0.671 0.03 -0.066 0.025 0.473 0.03 0.45 0.029 0.453 0.041 0.454 0.015
"HC2000 398" 161 "" 3017364132042663936 83.813333 -5.381778 2019-01-16 4478.4 223.7 25.07 0.73 1.61 0.2 0.29 0.42 4478.4 223.7 25.07 0.73 26.4 1.76 64.34 64.91 nan 5.67 4.99 nan nan nan nan nan nan nan 1.61 0.2 0.29 0.42 0.536 0.054 -0.115 0.04 1.067 0.253 1.161 0.152 1.008 0.258 1.35 0.41
"HC2000 413" 35 "" 3017364127743287680 83.814542 -5.380167 2019-01-16 3660.1 27.7 25.6 0.3 -0.43 0.04 -0.27 0.74 3660.1 27.7 25.6 0.3 28.56 0.52 19.87 21.73 nan 0.05 0.05 nan nan nan nan nan nan nan -0.43 0.04 -0.27 0.74 0.154 0.044 -0.319 0.037 0.457 0.036 0.434 0.036 0.441 0.047 0.433 0.025
"HC2000 253" "" "" 3017364063330467072 83.825875 -5.393306 2019-01-16 4084.4 153.3 28.61 0.33 -0.03 0.03 -0.11 0.03 4084.4 153.3 28.61 0.33 6.39 1.32 26.2 25.61 nan 3.06 2.67 nan nan nan nan nan nan nan nan nan nan nan -0.033 0.034 -0.111 0.028 0.747 0.16 0.743 0.161 0.702 0.157 0.808 0.173
"HC2000 288" 71 "" 3017364059023827968 83.829667 -5.390861 2019-01-17 3707.0 26.4 26.33 0.25 -0.42 0.04 -0.52 0.41 3707.0 26.4 26.33 0.25 18.69 0.5 24.25 25.31 nan 0.26 0.23 nan nan nan nan nan nan nan -0.42 0.04 -0.52 0.41 -0.738 0.061 -0.992 0.051 0.487 0.039 0.464 0.037 0.465 0.05 0.472 0.026
"HC2000 420" 154 "" 3017364132049929984 83.816 -5.379417 2019-01-17 3525.9 10.7 25.86 0.18 -0.38 0.31 -1.82 0.25 3525.9 10.7 25.86 0.18 24.78 0.24 35.09 38.58 nan 0.0 0.0 nan nan nan nan nan nan nan -0.38 0.31 -1.82 0.25 -0.357 0.069 -2.438 0.059 0.375 0.015 0.355 0.016 0.372 0.03 0.33 0.009
"HC2000 412" 151 "" 3017364132052934656 83.818083 -5.380306 2019-01-17 3565.8 22.2 32.47 0.4 1.21 0.2 0.51 0.27 3565.8 22.2 32.47 0.4 32.3 0.71 36.6 37.76 nan 0.93 0.8 nan nan nan nan nan nan nan 1.21 0.2 0.51 0.27 1.181 0.068 -0.458 0.06 0.399 0.025 0.377 0.024 0.393 0.039 0.36 0.017
"HC2000 282" 44 "" 3017364063333461376 83.828667 -5.391361 2019-01-17 3410.2 25.0 26.86 0.24 -0.85 0.24 1.35 0.03 3410.2 25.0 26.86 0.24 6.27 1.35 20.02 21.48 nan 1.25 1.08 nan nan nan nan nan nan nan -0.85 0.24 1.35 0.03 nan nan nan nan 0.307 0.021 0.292 0.019 0.308 0.028 0.245 0.021
"HC2000 228" "" 2M05353124-0523400 3017364028971010432 83.8025 -5.395611 2020-01-19 3804.4 45.6 27.14 0.62 0.83 0.02 -1.37 0.02 3804.4 45.6 27.14 0.62 40.59 0.82 70.17 73.14 nan 0.53 0.46 nan 4445.0 8.0 27.42 1.27 41.44 0.64 nan nan nan nan 0.833 0.018 -1.367 0.015 0.549 0.062 0.529 0.056 0.524 0.07 0.552 0.045
"HC2000 224" "" "" 3017363994611283840 83.79475 -5.39575 2020-01-19 3887.5 32.5 25.83 0.19 nan nan nan nan 3887.5 32.5 25.83 0.19 25.06 0.35 93.01 100.6 nan 0.0 0.0 nan nan nan nan nan nan nan nan nan nan nan nan nan nan nan 0.608 0.063 0.587 0.053 0.576 0.066 0.624 0.039
"HC2000 135" "" 2M05353124-0523400 3017363921584733312 83.8095 -5.406861 2020-01-19 3651.2 37.6 28.62 0.98 nan nan nan nan 3651.2 37.6 28.62 0.98 49.65 1.2 20.79 22.92 nan 0.3 0.26 nan 4285.0 20.0 27.94 0.8 50.89 0.46 nan nan nan nan nan nan nan nan 0.451 0.041 0.429 0.041 0.436 0.051 0.426 0.032
"HC2000 440" "" 2M05353124-0523400 3017364132048869248 83.822333 -5.376611 2020-01-20 3717.8 54.4 27.82 0.7 nan nan nan nan 3717.8 54.4 27.82 0.7 24.64 1.07 24.04 23.41 nan 1.45 1.26 nan 4504.0 71.0 28.46 2.12 32.52 2.03 nan nan nan nan nan nan nan nan 0.494 0.057 0.471 0.056 0.471 0.067 0.481 0.049
"HC2000 450" "" "" 3017364127743294080 83.820875 -5.375861 2020-01-20 3667.6 21.0 25.88 0.18 0.1 0.03 0.88 0.03 3667.6 21.0 25.88 0.18 13.22 0.29 18.81 20.21 nan 0.0 0.0 nan nan nan nan nan nan nan nan nan nan nan 0.1 0.032 0.877 0.026 0.462 0.032 0.439 0.032 0.445 0.044 0.439 0.019
"HC2000 204" "" 2M05353124-0523400 3017361108392950016 83.840875 -5.398306 2020-01-20 3728.4 36.4 23.95 0.65 -0.35 0.02 1.4 0.02 3728.4 36.4 23.95 0.65 47.35 1.1 29.83 30.96 nan 0.31 0.27 nan 4535.9 8.9 25.79 1.28 48.97 0.5 nan nan nan nan -0.352 0.021 1.402 0.019 0.5 0.047 0.478 0.045 0.478 0.058 0.49 0.035
