catalogs/result_table.ecsv
# %ECSV 1.0
# ---
# datatype:
# - {name: HC2000, datatype: string, description: 'Identifier in [HC2000], Hillenbrand & Carpenter (2000) [2000ApJ...540..236H]'}
# - {name: K19 ID, datatype: int16, description: 'Identifier in Kim et al. (2019) [2019AJ....157..109K]'}
# - {name: APOGEE, datatype: string, description: 'Identifier in APOGEE-2 DR16 [2020AJ....160..120J]'}
# - {name: Gaia DR3, datatype: string, description: 'Identifier in Gaia DR3 [2023A&A...674A...1G]'}
# - {name: RAJ2000, unit: deg, datatype: float64, format: .6f}
# - {name: DEJ2000, unit: deg, datatype: float64, format: .6f}
# - {name: Obs. Date, datatype: string}
# - {name: Teff, unit: K, datatype: float64, format: .1f}
# - {name: e_Teff, unit: K, datatype: float64, format: .1f}
# - {name: RV, unit: km / s, datatype: float64, format: .2f}
# - {name: e_RV, unit: km / s, datatype: float64, format: .2f}
# - {name: pmRA, unit: mas / yr, datatype: float32, format: .2f}
# - {name: e_pmRA, unit: mas / yr, datatype: float32, format: .2f}
# - {name: pmDE, unit: mas / yr, datatype: float32, format: .2f}
# - {name: e_pmDE, unit: mas / yr, datatype: float64, format: .2f}
# - {name: Teff_NIRSPAO, unit: K, datatype: float64, format: .1f}
# - {name: e_Teff_NIRSPAO, unit: K, datatype: float64, format: .1f}
# - {name: RV_NIRSPAO, unit: km / s, datatype: float64, format: .2f}
# - {name: e_RV_NIRSPAO, unit: km / s, datatype: float64, format: .2f}
# - {name: vsini_NIRSPAO, unit: km / s, datatype: float64, format: .2f}
# - {name: e_vsini_NIRSPAO, unit: km / s, datatype: float64, format: .2f}
# - {name: SNR O32, datatype: float64, format: .2f, description: Signal-to-noise ratio in order 32}
# - {name: SNR O33, datatype: float64, format: .2f, description: Signal-to-noise ratio in order 33}
# - {name: SNR O35, datatype: float64, format: .2f, description: Signal-to-noise ratio in order 35}
# - {name: Veil Param O32, datatype: float64, format: .2f, description: 'Veiling parameter in order 32. Defined as in Theissen et al.
#     (2022) [2022ApJ...926..141T]'}
# - {name: Veil Param O33, datatype: float64, format: .2f, description: 'Veiling parameter in order 33. Defined as in Theissen et al.
#     (2022) [2022ApJ...926..141T]'}
# - {name: Veil Param O35, datatype: float64, format: .2f, description: 'Veiling parameter in order 35. Defined as in Theissen et al.
#     (2022) [2022ApJ...926..141T]'}
# - {name: Teff_T22, unit: K, datatype: float64, format: .1f}
# - {name: e_Teff_T22, unit: K, datatype: float64, format: .1f}
# - {name: RV_T22, unit: km / s, datatype: float64, format: .2f}
# - {name: e_RV_T22, unit: km / s, datatype: float64, format: .2f}
# - {name: vsini_T22, unit: km / s, datatype: float64, format: .2f}
# - {name: e_vsini_T22, unit: km / s, datatype: float64, format: .2f}
# - {name: pmRA_K19, unit: mas / yr, datatype: float32, format: .2f}
# - {name: e_pmRA_K19, unit: mas / yr, datatype: float32, format: .2f}
# - {name: pmDE_K19, unit: mas / yr, datatype: float32, format: .2f}
# - {name: e_pmDE_K19, unit: mas / yr, datatype: float64, format: .2f}
# - {name: pmRA_DR3, unit: mas / yr, datatype: float64, format: .3f}
# - {name: e_pmRA_DR3, unit: mas / yr, datatype: float64, format: .3f}
# - {name: pmDE_DR3, unit: mas / yr, datatype: float64, format: .3f}
# - {name: e_pmDE_DR3, unit: mas / yr, datatype: float64, format: .3f}
[...]
#       value: !astropy.table.SerializedColumn {name: pmDE_DR3}
#     pmDE_K19:
#       __class__: astropy.units.quantity.Quantity
#       unit: !astropy.units.Unit {unit: mas / yr}
#       value: !astropy.table.SerializedColumn {name: pmDE_K19}
#     pmRA:
#       __class__: astropy.units.quantity.Quantity
#       unit: !astropy.units.Unit {unit: mas / yr}
#       value: !astropy.table.SerializedColumn {name: pmRA}
#     pmRA_DR3:
#       __class__: astropy.units.quantity.Quantity
#       unit: !astropy.units.Unit {unit: mas / yr}
#       value: !astropy.table.SerializedColumn {name: pmRA_DR3}
#     pmRA_K19:
#       __class__: astropy.units.quantity.Quantity
#       unit: !astropy.units.Unit {unit: mas / yr}
#       value: !astropy.table.SerializedColumn {name: pmRA_K19}
#     vsini_NIRSPAO:
#       __class__: astropy.units.quantity.Quantity
#       unit: !astropy.units.Unit {unit: km / s}
#       value: !astropy.table.SerializedColumn {name: vsini_NIRSPAO}
#     vsini_T22:
#       __class__: astropy.units.quantity.Quantity
#       unit: !astropy.units.Unit {unit: km / s}
#       value: !astropy.table.SerializedColumn {name: vsini_T22}
# schema: astropy-2.0
HC2000 "K19 ID" APOGEE "Gaia DR3" RAJ2000 DEJ2000 "Obs. Date" Teff e_Teff RV e_RV pmRA e_pmRA pmDE e_pmDE Teff_NIRSPAO e_Teff_NIRSPAO RV_NIRSPAO e_RV_NIRSPAO vsini_NIRSPAO e_vsini_NIRSPAO "SNR O32" "SNR O33" "SNR O35" "Veil Param O32" "Veil Param O33" "Veil Param O35" Teff_T22 e_Teff_T22 RV_T22 e_RV_T22 vsini_T22 e_vsini_T22 pmRA_K19 e_pmRA_K19 pmDE_K19 e_pmDE_K19 pmRA_DR3 e_pmRA_DR3 pmDE_DR3 e_pmDE_DR3 M_MIST e_M_MIST M_BHAC15 e_M_BHAC15 M_Feiden e_M_Feiden M_Palla e_M_Palla
[from data line 56]
"HC2000 215" "" 2M05353124-0523400 3017363990304314496 83.801167 -5.396694 2020-01-21 3674.4 31.5 28.14 0.26 nan nan nan nan 3674.4 31.5 28.14 0.26 10.04 0.63 13.39 14.32 nan 0.22 0.19 nan 4216.0 6.0 27.37 0.23 12.34 0.31 nan nan nan nan nan nan nan nan 0.466 0.039 0.444 0.039 0.448 0.05 0.445 0.028
"HC2000 240" "" "" 3017364024664059264 83.806042 -5.394556 2020-01-21 3667.1 75.1 26.74 0.6 nan nan nan nan 3667.1 75.1 26.74 0.6 15.86 1.31 43.02 42.44 nan 4.31 3.75 nan nan nan nan nan nan nan nan nan nan nan nan nan nan nan 0.462 0.065 0.439 0.064 0.444 0.073 0.439 0.064
"HC2000 504" 64 "" 3017364127743286400 83.813958 -5.371 2020-01-21 3497.0 90.1 29.86 1.33 -0.29 0.15 -0.32 0.02 3497.0 90.1 29.86 1.33 32.0 2.39 97.16 96.95 nan 4.04 3.5 nan nan nan nan nan nan nan -0.29 0.15 -0.32 0.02 nan nan nan nan 0.358 0.062 0.339 0.057 0.357 0.069 0.309 0.069
"HC2000 703" 137 "" 3017364338208357120 83.8075 -5.368639 2020-01-21 3536.3 30.5 32.75 0.31 -1.51 0.9 -1.03 0.52 3536.3 30.5 32.75 0.31 11.02 0.71 79.74 81.3 nan 1.46 1.26 nan nan nan nan nan nan nan -1.51 0.9 -1.03 0.52 -1.462 0.032 -0.432 0.026 0.381 0.028 0.361 0.027 0.378 0.041 0.338 0.024
"HC2000 431" 700 "" 3017364127743283584 83.812167 -5.377528 2020-01-21 3623.1 27.0 32.98 0.28 1.68 0.6 0.05 0.94 3623.1 27.0 32.98 0.28 19.86 0.58 42.16 43.2 nan 0.75 0.65 nan nan nan nan nan nan nan 1.68 0.6 0.05 0.94 0.322 0.039 -0.47 0.033 0.434 0.032 0.411 0.032 0.423 0.045 0.402 0.022
"HC2000 229" 536 "" 3017361104086337536 83.839042 -5.395944 2020-01-21 3637.6 23.1 28.25 0.24 0.12 0.08 0.67 0.16 3637.6 23.1 28.25 0.24 13.36 0.48 19.28 20.0 nan 0.17 0.14 nan nan nan nan nan nan nan 0.12 0.08 0.67 0.16 0.433 0.029 1.663 0.026 0.443 0.031 0.42 0.031 0.43 0.043 0.414 0.02
"HC2000 484" "" "" 3017364162103031424 83.820417 -5.372917 2021-02-01 3979.0 23.3 30.66 0.24 -0.53 0.04 -0.68 0.03 3979.0 23.3 30.66 0.24 25.15 0.19 33.41 37.15 nan 0.0 0.0 nan nan nan nan nan nan nan nan nan nan nan -0.526 0.035 -0.678 0.03 0.673 0.063 0.657 0.051 0.633 0.064 0.708 0.027
"HC2000 476" 246 "" 3017364127743286272 83.813958 -5.373667 2021-02-01 3447.0 29.4 31.38 0.38 0.87 0.43 -1.51 0.47 3447.0 29.4 31.38 0.38 9.92 1.09 15.9 17.14 nan 1.31 1.14 nan nan nan nan nan nan nan 0.87 0.43 -1.51 0.47 nan nan nan nan 0.329 0.024 0.311 0.023 0.329 0.034 0.272 0.024
"HC2000 546" 567 2M05353124-0523400 3017364372568087808 83.8125 -5.366667 2021-10-20 3759.9 23.6 24.52 0.17 2.25 0.06 0.96 0.08 3759.9 23.6 24.52 0.17 15.12 0.31 39.32 46.13 nan 0.27 0.23 nan 4417.6 6.1 29.14 0.27 21.56 0.04 2.25 0.06 0.96 0.08 2.862 0.021 1.001 0.017 0.521 0.042 0.498 0.039 0.496 0.053 0.516 0.025
"HC2000 217" "" 2M05353124-0523400 3017361108393637120 83.837708 -5.396944 2021-10-20 3642.8 15.5 29.44 0.32 nan nan nan nan 3642.8 15.5 29.44 0.32 46.99 0.42 67.17 74.9 nan 0.3 0.26 nan 4503.0 5.8 31.25 0.13 54.8 0.18 nan nan nan nan nan nan nan nan 0.446 0.027 0.423 0.027 0.432 0.04 0.419 0.014
"HC2000 277" 530 "" 3017361104086334080 83.83525 -5.391583 2021-10-20 3475.4 15.3 25.57 0.21 -0.81 0.08 0.14 0.04 3475.4 15.3 25.57 0.21 12.94 0.42 67.09 74.91 nan 0.9 0.78 nan nan nan nan nan nan nan -0.81 0.08 0.14 0.04 -1.046 0.042 0.943 0.04 0.345 0.016 0.327 0.017 0.345 0.029 0.293 0.013
"HC2000 435" 40 "" 3017364132052912768 83.8175 -5.377083 2021-10-20 3242.6 16.4 27.83 0.29 -0.64 0.17 0.23 0.07 3242.6 16.4 27.83 0.29 29.86 0.35 24.89 30.6 nan 0.0 0.0 nan nan nan nan nan nan nan -0.64 0.17 0.23 0.07 nan nan nan nan 0.211 0.011 0.218 0.015 0.21 0.014 0.161 0.007
"HC2000 457" 175 2M05353124-0523400 3017364132052912640 83.81975 -5.375361 2022-01-18 3373.1 15.2 27.94 0.14 0.65 0.11 1.33 0.18 3373.1 15.2 27.94 0.14 8.23 0.66 23.02 25.76 nan 0.27 0.23 nan 3659.3 26.9 29.02 0.28 11.82 1.24 0.65 0.11 1.33 0.18 nan nan nan nan 0.286 0.016 0.276 0.014 0.286 0.018 0.217 0.014
"HC2000 479" 349 "" 3017364132052919296 83.817958 -5.373333 2022-01-18 3656.9 74.5 30.35 0.58 -0.5 0.08 -0.73 0.2 3656.9 74.5 30.35 0.58 14.9 1.41 13.81 14.63 nan 1.5 1.31 nan nan nan nan nan nan nan -0.5 0.08 -0.73 0.2 nan nan nan nan 0.455 0.064 0.432 0.063 0.439 0.072 0.43 0.063
"HC2000 490" 60 "" 3017364127743289600 83.816458 -5.372528 2022-01-18 3822.7 30.6 26.07 0.21 -2.44 0.34 0.34 0.38 3822.7 30.6 26.07 0.21 17.63 0.13 52.73 58.77 nan 0.24 0.21 nan nan nan nan nan nan nan -2.44 0.34 0.34 0.38 -1.882 0.064 -0.938 0.052 0.562 0.055 0.542 0.048 0.536 0.062 0.567 0.034
"HC2000 478" 22 "" 3017364132040203520 83.813375 -5.373361 2022-01-18 3823.4 21.3 30.92 0.25 -1.26 0.05 0.38 0.11 3823.4 21.3 30.92 0.25 22.83 0.35 45.65 51.89 nan 0.0 0.0 nan nan nan nan nan nan nan -1.26 0.05 0.38 0.11 -1.195 0.036 0.082 0.027 0.563 0.049 0.542 0.041 0.536 0.057 0.568 0.026
"HC2000 456" 244 "" 3017364132038060032 83.812667 -5.375333 2022-01-18 3186.5 18.3 25.86 0.24 -1.54 0.15 -2.19 0.07 3186.5 18.3 25.86 0.24 17.19 0.26 22.93 26.73 nan 0.04 0.03 nan nan nan nan nan nan nan -1.54 0.15 -2.19 0.07 nan nan nan nan 0.184 0.009 0.194 0.012 0.185 0.019 0.14 0.008
"HC2000 170" "" "" 3017363955944478976 83.819875 -5.401194 2022-01-18 3565.1 27.8 32.7 1.62 nan nan nan nan 3565.1 27.8 32.7 1.62 99.66 0.35 32.53 36.45 nan 0.02 0.02 nan nan nan nan nan nan nan nan nan nan nan nan nan nan nan 0.398 0.028 0.377 0.027 0.393 0.042 0.359 0.022
"HC2000 453" 94 "" 3017364132052221824 83.811958 -5.375472 2022-01-19 3480.0 21.7 26.22 0.24 0.31 0.1 0.7 0.04 3480.0 21.7 26.22 0.24 10.74 0.77 17.76 19.06 nan 0.45 0.39 nan nan nan nan nan nan nan 0.31 0.1 0.7 0.04 nan nan nan nan 0.348 0.02 0.329 0.02 0.348 0.033 0.296 0.018
"HC2000 438" 32 "" 3017364132041551744 83.808708 -5.376833 2022-01-19 3536.3 24.5 29.87 0.36 -0.47 0.38 0.23 0.23 3536.3 24.5 29.87 0.36 18.21 0.57 11.49 12.78 nan 0.0 0.0 nan nan nan nan nan nan nan -0.47 0.38 0.23 0.23 -0.206 0.083 0.412 0.062 0.381 0.024 0.361 0.024 0.378 0.038 0.338 0.019
"HC2000 287" 210 "" 3017363960255208704 83.815833 -5.390722 2022-01-19 3390.3 39.4 27.07 0.55 1.3 0.51 1.68 0.07 3390.3 39.4 27.07 0.55 13.36 1.16 18.99 19.63 nan 2.05 1.77 nan nan nan nan nan nan nan 1.3 0.51 1.68 0.07 nan nan nan nan 0.297 0.029 0.283 0.026 0.297 0.033 0.23 0.031
"HC2000 171" "" "" 3017363960251408640 83.81825 -5.400944 2022-01-19 3627.9 24.2 31.22 0.58 1.17 0.04 -0.33 0.04 3627.9 24.2 31.22 0.58 53.31 0.84 33.51 35.16 nan 0.01 0.01 nan nan nan nan nan nan nan nan nan nan nan 1.17 0.04 -0.33 0.035 0.437 0.031 0.414 0.031 0.425 0.043 0.406 0.02
"HC2000 238" 79 "" 3017363994598986496 83.798833 -5.394583 2022-01-20 3126.0 41.5 26.27 0.36 -0.32 0.53 2.45 0.18 3126.0 41.5 26.27 0.36 25.02 0.57 16.66 20.53 nan 0.0 0.0 nan nan nan nan nan nan nan -0.32 0.53 2.45 0.18 -0.32 0.081 2.794 0.063 0.156 0.02 0.17 0.02 0.157 0.028 0.118 0.016
"HC2000 266" 163 "" 3017364028973922432 83.806375 -5.391917 2022-01-20 3455.3 13.8 25.05 0.16 -0.55 0.14 -0.16 0.02 3455.3 13.8 25.05 0.16 1.02 0.75 21.54 26.24 nan 0.0 0.0 nan nan nan nan nan nan nan -0.55 0.14 -0.16 0.02 0.024 0.091 0.428 0.069 0.334 0.015 0.315 0.015 0.334 0.027 0.278 0.012
"HC2000 247" 507 2M05353124-0523400 3017363960251335424 83.808542 -5.394028 2022-01-20 3809.7 19.6 26.2 0.59 0.07 0.12 0.44 0.01 3809.7 19.6 26.2 0.59 55.69 0.71 47.07 53.7 nan 0.0 0.0 nan 3921.8 8.7 24.91 0.33 60.27 0.44 0.07 0.12 0.44 0.01 0.953 0.047 0.883 0.036 0.553 0.046 0.533 0.039 0.528 0.055 0.557 0.024
"HC2000 172" 37 2M05353124-0523400 3017363960251436032 83.815083 -5.400861 2022-01-20 3882.5 36.7 23.36 0.29 0.54 0.11 -1.8 0.02 3882.5 36.7 23.36 0.29 24.77 0.44 50.11 55.71 nan 0.21 0.18 nan 4389.1 10.2 29.62 1.23 60.37 0.94 0.54 0.11 -1.8 0.02 -0.19 0.034 -1.646 0.029 0.605 0.065 0.584 0.055 0.573 0.069 0.619 0.042
"HC2000 165" 90 "" 3017363960241957760 83.819083 -5.401694 2022-01-20 3237.2 16.6 23.02 0.23 -1.12 0.07 0.81 0.17 3237.2 16.6 23.02 0.23 21.16 0.29 33.07 39.86 nan 0.0 0.0 nan nan nan nan nan nan nan -1.12 0.07 0.81 0.17 -1.454 0.143 1.137 0.121 0.208 0.011 0.216 0.015 0.207 0.015 0.159 0.007
"HC2000 177" 174 "" 3017361005306507264 83.825333 -5.400333 2022-01-20 3350.1 10.2 24.2 0.16 -1.06 0.27 0.41 0.49 3350.1 10.2 24.2 0.16 7.5 0.3 26.06 31.59 nan 0.0 0.0 nan nan nan nan nan nan nan -1.06 0.27 0.41 0.49 -0.386 0.1 0.445 0.094 0.272 0.013 0.266 0.011 0.273 0.013 0.2 0.007
"HC2000 163" 506 2M05353124-0523400 3017361001006985216 83.827 -5.401944 2022-01-20 3486.1 22.6 29.65 0.5 -0.17 0.42 0.43 0.17 3486.1 22.6 29.65 0.5 31.31 0.88 29.32 32.93 nan 0.64 0.55 nan 3849.7 9.2 27.13 0.21 19.76 0.22 -0.17 0.42 0.43 0.17 -0.323 0.067 0.667 0.056 0.352 0.021 0.333 0.021 0.351 0.034 0.301 0.018
"" 663 2M05353124-0523400 3017363788456073344 83.754208 -5.402861 "" 3825.0 12.5 31.46 0.19 0.16 0.07 -0.62 0.14 nan nan nan nan nan nan nan nan nan nan nan nan 3825.0 12.5 31.46 0.19 38.23 0.92 0.16 0.07 -0.62 0.14 nan nan nan nan 0.564 0.043 0.543 0.035 0.537 0.051 0.569 0.019
"" "" 2M05353124-0523400 3017363852865232896 83.754875 -5.401861 "" 3979.0 6.0 25.59 0.18 nan nan nan nan nan nan nan nan nan nan nan nan nan nan nan nan 3979.0 6.0 25.59 0.18 5.4 1.0 nan nan nan nan nan nan nan nan 0.673 0.051 0.657 0.038 0.633 0.053 0.708 0.01
"" 655 2M05353124-0523400 3017363788453009792 83.756667 -5.402806 "" 2908.0 9.2 27.82 0.24 1.21 0.29 0.25 0.27 nan nan nan nan nan nan nan nan nan nan nan nan 2908.0 9.2 27.82 0.24 35.18 0.88 1.21 0.29 0.25 0.27 nan nan nan nan nan nan 0.072 0.013 nan nan nan nan
"" 140 2M05353124-0523400 3017365025403440896 83.761833 -5.368944 "" 5100.4 1.6 25.49 0.14 -0.96 0.15 -1.85 0.31 nan nan nan nan nan nan nan nan nan nan nan nan 5100.4 1.6 25.49 0.14 27.43 0.36 -0.96 0.15 -1.85 0.31 nan nan nan nan 1.865 0.218 nan nan 1.91 0.242 2.014 0.239
"" 190 2M05353124-0523400 3017364269489305472 83.762875 -5.377167 "" 3057.6 30.7 29.98 1.67 -0.2 0.38 1.01 0.05 nan nan nan nan nan nan nan nan nan nan nan nan 3057.6 30.7 29.98 1.67 15.65 0.39 -0.2 0.38 1.01 0.05 nan nan nan nan 0.129 0.015 0.141 0.019 0.123 0.019 nan nan
"" 189 2M05353124-0523400 3017364269489305344 83.765417 -5.379361 "" 3138.9 23.4 31.37 0.57 -0.13 0.48 -0.16 0.19 nan nan nan nan nan nan nan nan nan nan nan nan 3138.9 23.4 31.37 0.57 12.69 0.5 -0.13 0.48 -0.16 0.19 nan nan nan nan 0.162 0.013 0.175 0.012 0.164 0.021 0.123 0.01
"" 11 2M05353124-0523400 3017363887225070336 83.768208 -5.387167 "" 4107.2 63.6 24.65 1.29 0.42 0.16 0.95 0.05 nan nan nan nan nan nan nan nan nan nan nan nan 4107.2 63.6 24.65 1.29 17.67 1.21 0.42 0.16 0.95 0.05 nan nan nan nan 0.763 0.099 0.762 0.087 0.718 0.099 0.835 0.076
"" "" 2M05353124-0523400 3017363822812730112 83.76875 -5.399028 "" 4591.0 7.0 33.82 0.92 0.2 0.04 -0.13 0.03 nan nan nan nan nan nan nan nan nan nan nan nan 4591.0 7.0 33.82 0.92 27.77 1.63 nan nan nan nan 0.196 0.044 -0.127 0.034 1.183 0.039 1.314 0.021 1.124 0.047 1.528 0.103
"" 657 2M05353124-0523400 3017363582294577280 83.769208 -5.411778 "" 3988.0 9.0 26.44 0.44 0.12 0.1 -0.86 0.08 nan nan nan nan nan nan nan nan nan nan nan nan 3988.0 9.0 26.44 0.44 16.79 0.4 0.12 0.1 -0.86 0.08 nan nan nan nan 0.679 0.054 0.665 0.04 0.638 0.055 0.717 0.012
"" 67 2M05353124-0523400 3017364269489201024 83.770042 -5.377417 "" 3544.4 5.6 26.95 1.16 0.63 0.01 1.26 0.11 nan nan nan nan nan nan nan nan nan nan nan nan 3544.4 5.6 26.95 1.16 10.52 2.27 0.63 0.01 1.26 0.11 nan nan nan nan 0.386 0.013 0.365 0.014 0.382 0.029 0.344 0.005
"" 542 2M05353124-0523400 3017365231561828480 83.770292 -5.349278 "" 3733.7 7.9 29.34 0.57 0.25 0.15 -0.23 0.25 nan nan nan nan nan nan nan nan nan nan nan nan 3733.7 7.9 29.34 0.57 11.91 0.53 0.25 0.15 -0.23 0.25 nan nan nan nan 0.504 0.03 0.481 0.027 0.481 0.041 0.494 0.011
"" 3 2M05353124-0523400 3017365059755682432 83.770625 -5.352556 "" 4119.2 13.2 29.75 0.41 -0.43 0.06 2.12 0.18 nan nan nan nan nan nan nan nan nan nan nan nan 4119.2 13.2 29.75 0.41 13.71 1.44 -0.43 0.06 2.12 0.18 nan nan nan nan 0.771 0.063 0.772 0.043 0.727 0.064 0.849 0.021
"" 564 2M05353124-0523400 3017365231561559040 83.771375 -5.340111 "" 4126.2 10.0 26.75 0.28 -0.38 0.46 -0.42 0.18 nan nan nan nan nan nan nan nan nan nan nan nan 4126.2 10.0 26.75 0.28 9.15 0.44 -0.38 0.46 -0.42 0.18 -0.408 0.053 -0.578 0.044 0.776 0.061 0.778 0.041 0.732 0.063 0.858 0.018
"" 77 2M05353124-0523400 3017363822812730880 83.772375 -5.402917 "" 4249.9 50.4 26.33 0.87 0.14 0.36 -0.19 0.08 nan nan nan nan nan nan nan nan nan nan nan nan 4249.9 50.4 26.33 0.87 16.2 0.36 0.14 0.36 -0.19 0.08 0.082 0.067 -0.309 0.049 0.87 0.095 0.891 0.081 0.82 0.094 1.007 0.081
"" 176 2M05353124-0523400 3017363822815780992 83.7725 -5.404167 "" 3686.0 23.1 24.4 0.28 0.95 0.25 1.04 0.23 nan nan nan nan nan nan nan nan nan nan nan nan 3686.0 23.1 24.4 0.28 4.84 1.85 0.95 0.25 1.04 0.23 nan nan nan nan 0.474 0.035 0.451 0.034 0.454 0.046 0.454 0.022
"" "" 2M05353124-0523400 3017363582294583936 83.773458 -5.422083 "" 4582.0 10.0 28.83 0.52 0.05 0.02 -0.22 0.02 nan nan nan nan nan nan nan nan nan nan nan nan 4582.0 10.0 28.83 0.52 42.24 0.81 nan nan nan nan 0.045 0.02 -0.216 0.015 1.173 0.044 1.301 0.026 1.114 0.051 1.519 0.107
"" "" 2M05353124-0523400 3017363582294579456 83.773667 -5.418278 "" 4205.5 8.8 27.17 0.29 -1.13 0.04 -0.39 0.03 nan nan nan nan nan nan nan nan nan nan nan nan 4205.5 8.8 27.17 0.29 99.0 0.87 nan nan nan nan -1.13 0.044 -0.386 0.033 0.835 0.063 0.85 0.04 0.789 0.064 0.953 0.024
"" 39 2M05353124-0523400 3017363818505597696 83.773792 -5.398333 "" 3029.6 6.4 23.77 0.22 -1.04 0.47 -0.84 0.05 nan nan nan nan nan nan nan nan nan nan nan nan 3029.6 6.4 23.77 0.22 21.64 0.16 -1.04 0.47 -0.84 0.05 -1.139 0.072 -1.039 0.054 0.119 0.006 0.128 0.012 0.11 0.006 nan nan
"" 264 2M05353124-0523400 3017364303851923456 83.775708 -5.370111 "" 3828.1 7.3 29.26 0.24 -0.85 0.39 -0.75 0.16 nan nan nan nan nan nan nan nan nan nan nan nan 3828.1 7.3 29.26 0.24 9.69 1.16 -0.85 0.39 -0.75 0.16 nan nan nan nan 0.566 0.04 0.546 0.032 0.539 0.048 0.572 0.015
"" 129 2M05353124-0523400 3017364303848915072 83.776125 -5.367417 "" 4450.9 6.2 27.96 0.23 -0.32 0.24 0.11 0.34 nan nan nan nan nan nan nan nan nan nan nan nan 4450.9 6.2 27.96 0.23 27.39 0.27 -0.32 0.24 0.11 0.34 nan nan nan nan 1.04 0.054 1.125 0.029 0.983 0.057 1.301 0.068
"" "" 2M05353124-0523400 3017363612347069440 83.777125 -5.4115 "" 4269.0 7.0 25.72 0.22 1.94 0.04 0.92 0.03 nan nan nan nan nan nan nan nan nan nan nan nan 4269.0 7.0 25.72 0.22 21.56 0.07 nan nan nan nan 1.937 0.04 0.921 0.031 0.886 0.062 0.911 0.037 0.834 0.062 1.032 0.032
"" 131 2M05353124-0523400 3017364303848916480 83.780292 -5.374056 "" 3163.1 37.5 25.99 0.27 0.24 0.09 -0.66 0.78 nan nan nan nan nan nan nan nan nan nan nan nan 3163.1 37.5 25.99 0.27 13.13 0.47 0.24 0.09 -0.66 0.78 -0.061 0.065 -1.255 0.052 0.173 0.019 0.185 0.019 0.175 0.028 0.132 0.015
"" 585 2M05353124-0523400 3017363513575089664 83.780792 -5.430028 "" 2815.0 17.3 25.8 0.3 -0.16 0.06 0.27 0.05 nan nan nan nan nan nan nan nan nan nan nan nan 2815.0 17.3 25.8 0.3 9.62 0.98 -0.16 0.06 0.27 0.05 nan nan nan nan nan nan 0.047 0.005 nan nan nan nan
"" 629 2M05353124-0523400 3017365162841655168 83.782208 -5.350389 "" 4326.5 15.2 28.7 0.3 -0.56 0.16 -1.3 0.13 nan nan nan nan nan nan nan nan nan nan nan nan 4326.5 15.2 28.7 0.3 24.86 0.97 -0.56 0.16 -1.3 0.13 nan nan nan nan 0.931 0.068 0.974 0.044 0.877 0.069 1.11 0.047
"" 679 2M05353124-0523400 3017363616654282752 83.78425 -5.400889 "" 3168.5 7.8 26.43 0.26 1.14 0.13 1.47 0.22 nan nan nan nan nan nan nan nan nan nan nan nan 3168.5 7.8 26.43 0.26 6.48 1.3 1.14 0.13 1.47 0.22 nan nan nan nan 0.175 0.005 0.187 0.007 0.177 0.014 0.134 0.004
"" 17 2M05353124-0523400 3017363616654297088 83.784542 -5.409667 "" 3065.0 8.2 25.05 0.29 -0.57 0.46 0.12 0.01 nan nan nan nan nan nan nan nan nan nan nan nan 3065.0 8.2 25.05 0.29 7.43 0.69 -0.57 0.46 0.12 0.01 nan nan nan nan 0.132 0.007 0.145 0.008 0.127 0.009 nan nan
